comparision among statistical method
mse mae   , 4 method: moving avg,  weigthed moving avg, exp somoothing, double exp smoothing

mse: 0.07906515  0.14025439  0.05197323  0.06551188
mae: 0.13210493  0.17707626  0.10618163  0.11238439

Normal vector:  dim 2 3 4 5 6 , method svm, isolation, local outlier, ellipti
2 class accuracy value
0.731   0.731   0.767   0.735
0.738   0.756   0.762   0.728
0.733   0.749   0.751   0.723
0.726   0.737   0.738   0.715
0.724   0.730   0.726   0.710

f_score value
0.279   0.356   0.388   0.278
0.260   0.345   0.358   0.258
0.224   0.314   0.304   0.238
0.202   0.262   0.255   0.207
0.180   0.233   0.214   0.189

4 class acc
0.729   0.753    0.762   0.739
0.739   0.758    0.760   0.733
0.735   0.749    0.749   0.728
0.727   0.740    0.735   0.715
0.726   0.727    0.724   0.712


projected vector:  dim 2 3 4 5 6 , method svm, isolation, local outlier, ellipti
2 class accuracy value
0.726   0.728   0.727   0.715
0.725   0.732   0.728   0.715
0.724   0.726   0.725   0.710
0.721   0.725   0.724   0.705
0.724   0.724   0.723   0.701

f_score
0.229   0.223   0.218   0.210
0.196   0.216   0.215   0.212
0.173   0.206   0.200   0.192
0.164   0.202   0.196   0.173
0.167   0.207   0.198   0.165


4 class acc
0.727   0.729   0.729   0.7214
0.729   0.732   0.731   0.722
0.728   0.731   0.730   0.715
0.727   0.728   0.727   0.709
0.728   0.727   0.725   0.706


