comparision among statistical method
mse mae   , 4 method: moving avg,  weigthed moving avg, exp somoothing, double exp smoothing

mse: 0.19414614  0.30215651  0.09980442  0.07436301
mae: 0.28787137  0.36062818  0.20670437  0.17902897

Normal vector:  dim 2 3 4 5 6 , method svm, isolation, local outlier, ellipti
2 class accuracy value
0.86769745004   0.866886574593   0.851687330912   0.858602192727
0.868364460488     0.869273425706   0.850624224624   0.854972871172
0.864660403868   0.867468573906   0.848943619868    0.856355469859
0.861566372211  0.867817960331  0.851200618806  0.854888794224
0.85898334155419032, 0.86570669476705087, 0.85059152803312255, 0.85268224145404548

f_score value
0.2793897022672   0.2795998180112   0.2141046979782   0.221503821155
0.2577169830614   0.2779813107594  0.197032667984   0.194971194961
0.2577169830614   0.2779813107594   0.197032667984   0.194971194961
0.2367722731685   0.2557490438545   0.183756508185   0.186710024766
0.21945820982516476, 0.24053884007972168, 0.17672270178322164, 0.17408403151840182

4 class accuracy
0.86008755212770727, 0.85873111071252417, 0.84503637729249803, 0.85139679834984983
0.85954899257133466, 0.86014874146151898, 0.84416758217120313, 0.84744471473625993
0.85624243307475001, 0.85860919913905209, 0.84247856972034141, 0.84884366171920544
0.85338942199901346, 0.85941119979672065, 0.84447960106422726, 0.84761800666636766
0.85090634949105426, 0.85710655725453266, 0.84375560512981485, 0.84555905564772882



Specialized vector dim 2 3 4 5 6 , method svm, isolation, local outlier, ellipti
2 class accuracy value
0.841779329776   0.837474590078   0.837129874595   0.839314941034
0.846043899377   0.842169820486   0.840667645696   0.842615428307
0.848165441012   0.8441063928374   0.842023152923   0.848366291497
0.849405108889   0.849175298567   0.846264367816   0.848715677922
0.850447663035   0.849810546612   0.846690357682   0.847910407605

f_score value
0.1172455202422    0.1171117723312    0.1290046662493     0.153981065921
0.1359351720513   0.1464771409264     0.1380575832944      0.160464318259
0.146570999014     0.1464771409264     0.1380575832944      0.160464318259
0.1522942326325    0.1504782370325   0.136743089435    0.161379879895
0.1552815805576   0.1541134533366   0.1375264519646    0.155428539685

4 class accuracy
0.83559920706096891, 0.83147056185821266, 0.83096469889242641, 0.83381911125061658
0.84054246446347691, 0.83674592320224805, 0.83490884190544523, 0.83632880812519617
0.842752753987 0.838729204968 0.83599857256 0.841778862682
0.843499637535 0.843331950735 0.839902545476 0.842216062807
0.844097050954 0.843707961526 0.840200551545 0.841527098934