144.26  126.38  133.62  124.02  130.21  104.51  77.26   69.66   132.10  94.48   106.27  89.95   86.90   47.79   112.90  70.96   97.14   78.20   99.31   36.27   119.29  92.09   115.99  86.00   84.18   42.97   98.94   33.51   97.59   43.91   143.91  43.82   59.35   75.38   114.78  73.49   112.84  84.13   59.64   79.90   137.12 
987.87  1772.89 1966.74 2009.26 1545.95 1198.90 916.49  981.46  750.43  854.37  783.36  1157.06 1493.06 1973.59 1687.50 1766.97 1458.99 1395.85 1077.96 1185.37 804.32  1024.37 947.77  1258.71 1417.70 1804.60 1840.49 1842.62 1416.57 1610.18 1225.07 1256.10 1068.09 1044.90 930.54  1168.67 1265.54 1283.12 1219.28 1535.13 1242.50
653.34  871.27  761.27  658.00  527.59  504.16  437.71  409.25  390.35  365.27  426.72  416.73  576.54  619.02  678.35  596.54  604.46  559.74  540.90  449.65  473.96  448.84  460.69  450.74  534.13  570.54  647.79  637.40  702.01  571.96  582.39  516.13  526.01  450.86  479.40  540.34  575.84  567.07  470.33  566.35  616.65 
4925.84 4890.01 5052.78 5109.09 5170.98 5874.07 5308.56 5325.63 4551.90 5193.16 5212.80 5323.68 5437.97 6564.28 5669.50 6121.70 5565.65 6225.61 5643.75 6329.83 5757.93 5876.61 5217.21 6345.10 5273.05 6935.55 6120.33 6607.43 6008.43 6805.64 5970.03 6295.77 6525.41 6007.18 6053.38 6178.09 5836.53 5728.09 6184.16 6957.09 6583.00
1287.59 1268.45 1193.15 1208.99 1112.12 1414.95 1351.84 1161.23 1089.84 1078.76 1359.59 1134.87 1106.74 1063.49 1047.86 1023.84 1131.44 1145.40 1216.24 932.74  1309.15 1138.73 1196.31 1012.18 1110.02 1001.86 1184.68 1202.91 1241.97 1345.66 1331.59 1252.57 1222.97 1338.61 1229.52 1289.56 1193.25 1264.17 1235.74 1345.12 1423.03
2087.99 1632.12 834.83  639.59  497.21  548.04  575.59  654.80  788.80  859.63  712.44  802.02  799.61  767.18  700.75  787.89  905.80  1276.40 1594.11 1579.72 1500.79 1386.10 1347.43 1242.80 1237.83 1147.63 1018.93 1062.77 1259.58 1466.90 1657.08 2219.81 2340.32 2319.28 2081.68 1816.39 1996.28 1942.33 1644.51 1982.06 2116.46
974.40  1157.85 1664.18 1495.10 1133.99 847.14  687.41  426.79  353.46  314.43  344.89  477.24  911.15  1342.87 1554.53 1296.94 1221.70 1064.49 849.63  623.42  594.09  515.96  551.87  576.39  805.51  856.09  1184.68 1001.77 1064.43 913.63  937.46  623.61  647.70  518.89  722.87  708.99  786.86  926.99  998.44  970.46  1089.74
535.47  385.27  667.54  751.48  955.35  942.34  1004.43 688.78  722.39  577.39  586.97  384.45  285.59  480.75  503.40  654.13  812.64  841.01  907.51  818.13  845.08  670.10  605.57  310.77  461.55  400.81  388.35  624.21  766.57  871.75  678.26  494.99  636.64  571.99  670.96  525.42  501.60  550.02  569.09  619.87  711.08 
12651.37 12324.17 11980.07 11329.28 11188.79 11067.77 11693.39 11019.20 12517.15 12075.61 11583.66 13708.37 14206.33 15905.80 13546.03 13935.71 13008.89 15984.36 14362.08 14024.64 12180.29 13350.43 13106.01 15114.27 12129.37 17929.28 14935.85 14676.28 13713.13 14953.73 12548.35 15524.17 14883.42 16031.30 15420.92 14217.93 15489.41 14843.46 15714.06 18613.24 14395.86
157.17  194.22  157.35  156.59  170.32  414.36  674.38  1128.35 1485.34 1771.21 2205.17 1616.99 987.12  641.60  475.40  276.99  265.27  392.13  629.34  829.22  1806.12 1458.19 1329.94 1158.51 934.89  780.21  611.76  606.08  480.45  571.96  763.48  727.55  902.15  1083.07 986.04  1079.12 786.86  701.57  684.32  716.22  653.68 
59.55   63.52   43.35   105.60  239.58  445.42  788.38  1092.18 1191.67 1361.00 1009.08 767.73  581.39  421.48  293.45  195.25  300.21  519.28  720.99  771.30  983.08  1072.85 882.83  797.46  631.95  508.64  476.63  228.52  500.99  618.25  678.26  775.12  997.29  860.72  962.77  794.06  626.64  610.64  549.89  456.63  580.55 
775.70  759.83  720.93  650.92  661.27  670.58  681.98  550.11  552.68  495.87  449.56  442.95  555.53  579.52  520.89  629.98  595.73  615.61  561.00  566.73  476.46  502.29  515.65  535.83  470.23  565.55  549.60  627.51  585.36  531.19  529.72  518.78  520.48  484.87  547.43  496.32  528.95  504.56  508.05  590.44  545.37 
107.77  115.45  102.18  146.67  129.61  162.19  140.23  143.98  147.59  151.40  139.63  154.48  181.33  198.55  140.19  185.96  184.48  192.74  175.09  177.30  149.32  182.20  156.58  184.33  167.29  193.13  205.48  176.58  202.40  185.12  198.91  164.65  221.78  172.92  174.16  147.08  165.54  164.53  186.39  158.23  178.75 
536.03  466.55  430.24  434.21  370.83  354.27  319.37  360.47  302.54  332.84  316.59  373.36  354.28  357.28  362.73  382.89  368.63  335.30  326.24  352.30  322.01  348.15  357.03  368.03  386.60  467.70  455.91  533.53  421.02  458.44  435.04  366.38  402.11  346.32  397.94  397.81  360.92  358.70  372.94  425.85  374.55 
295.80  470.74  546.52  611.97  562.83  442.72  407.85  292.51  301.07  193.47  252.49  175.67  286.39  401.03  476.10  406.11  483.64  454.75  395.38  312.25  280.18  210.17  273.98  215.34  309.29  294.97  389.25  359.59  457.71  416.56  339.17  306.48  288.16  263.35  325.44  260.51  342.36  326.49  333.16  318.80  361.13 
742.03  988.58  626.01  437.04  232.29  175.35  231.43  431.18  663.36  1178.69 1504.84 1560.51 1378.30 1079.01 770.73  574.24  393.38  303.52  375.28  473.07  847.22  918.71  1130.12 1247.57 1201.54 1029.82 957.67  851.74  678.53  679.97  634.47  542.56  787.10  829.19  971.72  892.56  882.59  775.44  831.09  785.80  647.20 
6280.78 5434.67 4470.22 4295.36 3798.99 3890.10 3038.97 2943.63 2561.15 2225.25 1931.04 2068.85 2131.56 2331.98 2566.48 2677.30 2994.80 2861.92 3054.13 2731.97 2320.97 2164.24 2161.72 2163.70 2100.88 2795.05 2544.94 3085.76 3011.51 3307.46 2874.98 3130.67 2818.24 2608.01 2420.04 2453.67 2318.66 2540.93 2398.94 2942.81 2702.49
1840.46 1731.83 1552.65 1828.67 1511.93 1706.62 1602.09 1640.81 1562.08 1799.26 2082.09 1891.33 1726.64 1582.03 1518.84 1681.51 1428.42 1637.62 1597.33 1611.76 2198.34 1851.62 1661.53 1894.90 1965.19 1947.38 2229.65 1503.81 1909.58 1831.71 2101.51 1746.76 2104.68 2033.05 1940.25 2017.87 1849.74 1709.33 1784.42 1978.04 2105.81
550.07  554.53  493.12  412.96  531.24  584.50  478.96  585.74  498.08  487.99  629.93  400.59  524.82  494.86  462.81  345.73  511.30  505.80  536.08  464.44  594.80  508.50  486.92  396.66  459.97  472.69  545.09  302.71  539.14  450.73  666.42  452.71  534.86  490.68  559.96  501.54  478.15  540.55  493.65  542.27  585.18 
261.57  883.00  1152.81 1184.91 832.62  469.72  337.82  229.48  225.07  81.30   162.13  176.67  314.68  380.57  563.58  540.80  455.98  403.69  294.88  156.35  255.86  212.66  219.65  221.71  341.64  312.95  701.84  399.99  652.12  340.52  410.77  253.62  315.82  266.67  389.88  294.09  423.44  356.80  404.49  424.51  491.67 
16087.55 16054.66 15384.68 14756.29 15352.77 15121.11 15516.57 16227.16 17127.33 17597.71 16019.23 19924.51 19703.02 23061.69 18323.74 20544.91 17579.94 23899.43 19618.48 20071.80 17802.50 19632.17 19096.45 23542.29 16431.24 24768.54 20760.62 21460.78 18970.41 21023.18 16844.74 23007.49 21322.01 22871.96 20537.49 21079.49 21438.82 20872.07 22008.80 26479.90 20666.79
235.75  252.88  264.13  265.65  284.55  306.33  370.39  308.41  301.80  260.09  239.87  219.04  237.09  229.59  220.67  280.71  314.77  376.72  314.18  363.39  334.52  314.59  260.87  223.30  223.30  221.09  283.85  279.63  346.93  344.92  312.54  281.81  326.88  286.58  321.85  280.66  263.23  263.98  264.58  223.80  312.06 
486.08  609.84  588.64  566.64  570.73  539.60  578.84  575.33  529.07  537.95  506.85  624.50  635.54  650.77  630.76  545.45  627.03  585.75  641.40  569.19  570.49  487.37  634.29  569.23  725.04  757.25  649.59  741.27  714.48  760.43  639.79  568.11  611.20  590.24  718.40  422.44  586.59  525.40  665.80  690.79  608.32 
17234.82 17951.75 17795.62 16867.46 17554.15 16136.90 17656.43 19321.68 18401.62 20676.05 17988.28 22243.34 22083.22 24845.90 20363.03 24382.25 20974.74 26353.80 23180.91 23868.06 18467.86 22588.76 21531.22 26655.67 22522.33 30499.54 25878.23 26189.32 22141.94 26555.90 18835.51 26784.82 28585.90 25141.95 25424.90 23189.81 25272.23 23561.98 25438.06 30641.38 22228.63
432.20  402.03  506.17  604.18  582.28  672.27  657.01  728.24  551.20  524.80  507.19  499.43  440.76  504.73  464.21  576.10  595.73  507.73  627.73  630.81  621.26  555.74  480.68  476.18  444.19  548.58  566.71  602.78  622.78  682.18  658.14  590.13  563.63  542.12  545.64  458.26  474.24  419.31  569.09  571.70  566.66 
549.50  641.68  748.22  913.66  860.57  936.60  737.35  643.29  610.97  592.29  845.42  650.73  615.34  624.67  656.66  717.30  606.65  630.06  684.01  625.88  966.64  695.58  610.57  581.95  673.76  577.53  765.80  792.38  768.77  801.21  906.69  543.44  703.02  621.77  713.92  724.66  653.02  639.05  630.82  783.12  837.46 
449.03  567.94  514.48  509.28  504.50  498.76  438.79  442.14  425.77  356.51  412.40  390.50  440.76  469.46  467.01  440.48  431.23  498.09  476.58  443.49  438.20  382.96  399.50  393.48  387.39  484.68  433.39  465.93  437.90  514.65  423.79  398.09  450.78  404.40  371.98  385.13  390.23  404.16  385.29  392.40  406.49 
2027.93 2910.81 3144.92 2608.40 2225.27 1741.73 1110.82 786.89  594.74  449.42  457.75  590.21  1358.90 1960.89 2412.52 1940.67 1790.90 1456.53 1267.70 951.22  701.71  667.61  629.92  789.51  1293.05 1695.77 1896.34 1737.93 1708.56 1733.62 1515.05 1131.89 1117.88 1019.18 858.93  776.90  1081.88 1188.40 1295.41 1382.59 1343.41
250.90  258.74  288.45  324.43  419.44  512.60  546.27  649.87  537.92  520.42  423.31  314.86  261.34  324.13  294.85  339.23  415.94  421.03  466.13  439.18  503.63  464.38  388.26  330.65  319.55  346.89  355.02  339.81  454.77  385.70  488.30  413.07  434.19  453.35  397.94  350.80  335.52  363.43  355.79  397.75  409.74 
2125.44 3169.60 6547.69 8874.55 11289.17 11184.37 11578.35 9252.74 8625.42 5682.80 4935.64 3046.69 3984.73 6430.39 9736.09 12291.32 12556.68 15958.34 13406.03 11506.55 9106.00 8443.21 7516.58 6403.17 5734.04 8424.03 10122.51 11327.24 12452.09 12380.24 10941.68 12255.79 11143.19 10891.80 9903.98 9119.24 9594.28 10010.33 11222.03 12629.43 12557.18
484.96  507.61  564.31  645.25  652.76  737.09  756.89  660.28  592.52  465.20  454.68  416.73  411.67  356.58  509.00  548.24  630.67  696.52  688.83  623.42  531.88  488.61  463.19  438.01  450.50  520.62  521.67  574.75  647.72  627.07  726.79  600.70  472.91  560.37  481.19  431.39  509.41  462.88  516.97  641.28  549.99 
523.69  1029.64 1479.68 1471.02 1128.52 883.26  668.95  536.96  433.14  452.92  434.22  619.46  840.02  1149.56 1213.72 1083.29 948.75  722.53  590.75  581.52  446.79  410.92  397.00  489.70  620.91  797.18  816.24  928.40  826.73  776.96  671.75  554.89  590.18  552.91  512.52  539.60  563.14  616.32  653.45  712.20  728.21 
368.21  395.32  457.53  543.27  573.16  614.21  562.02  481.60  470.04  461.69  419.22  399.58  399.54  403.85  462.11  444.20  555.70  590.57  571.45  511.27  473.96  459.40  422.60  437.22  381.08  399.81  460.42  535.18  538.41  640.30  532.68  504.68  510.52  445.88  461.50  464.23  424.42  436.36  413.41  508.81  469.91 
195.33  204.28  309.81  541.15  639.39  650.33  798.69  559.43  589.57  481.85  458.09  391.51  247.60  231.00  352.93  394.96  541.14  623.32  632.55  452.73  676.68  555.12  451.33  292.48  273.79  272.01  361.32  479.95  544.28  530.08  659.91  422.76  570.26  461.64  487.45  360.50  349.20  347.33  389.40  431.20  524.07 
31.17   39.23   40.89   40.05   47.92   39.38   35.84   51.16   56.93   45.50   30.87   49.42   50.36   38.37   38.64   37.26   31.97   32.15   35.67   35.43   34.60   35.52   47.46   39.26   34.47   46.17   42.57   39.96   32.62   35.50   42.34   35.82   43.58   47.80   35.79   36.36   48.40   53.29   50.06   52.31   47.28  
593.85  648.38  978.40  1125.42 1231.21 1088.17 1104.31 947.48  666.31  393.32  492.87  311.83  389.04  782.70  854.71  1168.75 1010.62 815.97  970.22  991.89  827.20  800.62  483.18  460.28  546.75  608.48  714.45  1171.59 1042.42 1197.98 901.96  930.16  1048.18 802.64  647.68  582.13  661.81  661.79  661.00  967.78  902.73 
872.24  859.54  916.70  947.66  845.37  807.98  892.60  878.42  858.89  806.16  815.42  807.06  847.30  887.11  870.80  851.99  846.85  922.89  919.57  1000.52 906.93  821.13  925.92  891.30  932.52  990.88  951.37  954.78  900.83  907.01  974.75  851.76  1040.44 981.85  1029.01 982.86  992.99  962.98  992.26  1029.33 1056.87
968.22  856.19  976.02  773.44  790.08  900.48  1148.82 2405.95 4168.21 6251.12 8407.60 7839.19 4493.17 3037.48 2136.09 1362.89 983.69  1154.07 1253.22 1543.37 4366.77 4528.52 4331.10 3812.24 3073.59 2428.62 2497.19 1663.73 1737.18 1401.87 1460.01 1939.68 3010.73 4105.57 3251.62 2741.71 2911.64 2463.26 2283.72 2118.54 1885.93
2730.10 1757.81 1324.85 1118.34 810.74  849.84  894.77  1080.12 1210.85 1716.87 2561.82 3267.10 2951.09 3161.65 2065.41 1893.30 1405.12 1268.70 1105.29 1372.69 1941.99 2426.53 2331.58 2973.26 2645.22 2381.70 2119.74 2328.99 1712.97 1898.94 1493.74 1534.46 2026.14 2228.02 2366.33 2495.46 2213.15 2313.61 2228.85 2281.79 1865.56
253.71  204.28  171.59  163.67  180.04  298.91  477.88  608.76  598.43  731.66  904.75  660.81  398.74  318.48  252.86  256.56  228.88  293.88  386.54  438.56  719.23  765.81  595.58  436.42  469.44  356.88  359.52  385.15  389.48  400.03  459.30  354.05  574.69  553.74  533.11  486.62  405.86  383.32  389.40  397.75  486.11 
1926.90 1975.67 1999.96 2026.26 2004.70 2125.56 1958.73 1810.17 1832.14 1703.72 1600.65 1417.28 1779.17 1581.33 1675.60 1499.44 1672.25 1743.58 1899.62 1769.50 1606.62 1594.31 1574.11 1459.11 1439.00 1554.00 1511.68 1025.68 1569.17 1583.72 1730.46 1605.82 1580.30 1566.77 1524.02 1434.32 1542.01 1552.11 1441.50 1648.87 1603.56
1017.05 1374.03 1627.40 1628.25 1429.29 1356.89 1436.52 1411.16 1325.96 1527.54 1632.36 1566.56 1402.54 1413.42 1406.17 1317.37 1198.41 1158.89 1299.86 1190.30 1432.86 1391.07 1377.40 1287.34 1267.80 1465.14 1445.92 1376.03 1378.43 1134.05 1377.75 1342.43 1304.84 1386.73 1327.98 1464.17 1320.25 1423.29 1308.44 1561.89 1321.19
9811.83 5096.98 2679.81 1764.22 1237.29 1355.88 1206.90 1516.95 1692.68 1843.09 1959.00 1564.54 967.72  1170.02 1173.13 917.01  998.24  893.03  952.54  826.75  1608.41 1533.40 1209.42 1075.00 1384.56 1318.37 1320.71 1190.55 1255.91 1053.60 1180.69 938.09  1232.93 1313.72 1157.01 950.02  1075.05 1083.27 926.42  1037.36 885.14 
382.80  267.96  177.52  135.34  139.94  157.80  196.69  148.36  202.93  174.19  295.79  297.71  274.27  249.34  206.67  124.65  175.02  153.25  134.09  129.24  221.54  196.50  268.36  231.25  209.10  171.17  170.35  198.84  164.98  157.56  172.87  117.97  145.45  196.98  169.68  198.57  206.57  188.21  165.82  151.54  164.86 
571.39  703.68  639.06  485.20  488.71  620.96  666.78  631.78  608.76  579.14  745.18  574.07  547.45  569.64  570.58  477.64  569.53  673.41  581.10  601.23  727.81  658.91  646.78  616.15  568.84  606.48  647.79  723.14  638.92  693.20  705.48  591.89  793.73  742.90  685.28  594.07  579.75  532.97  698.03  603.82  710.16 
1100.12 725.47  855.00  690.58  677.07  853.89  765.58  812.65  713.53  601.93  855.65  739.49  670.30  690.99  626.57  577.96  620.48  634.88  643.81  708.45  820.76  758.36  752.94  700.44  620.91  716.31  665.80  737.97  665.33  651.32  826.21  664.13  740.63  825.87  713.92  614.97  732.15  675.05  770.73  721.57  859.21 
1511.55 1762.84 1818.43 1519.89 1209.94 1392.67 1251.42 1208.37 1082.47 1086.65 1165.58 1221.61 1409.82 1383.79 1364.18 1127.88 1180.94 960.46  1052.23 1083.70 1050.30 997.02  1094.52 1129.08 1093.46 1279.43 1267.56 1215.28 1139.99 1158.30 1212.05 1094.89 965.21  1052.37 1036.17 1329.11 1117.05 1177.03 1139.72 1132.37 1155.93
523.12  428.84  459.90  395.96  330.73  273.25  273.77  169.19  142.43  114.59  189.41  293.67  636.35  784.11  868.71  661.56  653.96  467.27  404.22  293.14  211.53  225.09  323.31  438.01  590.93  648.42  660.40  578.05  530.34  479.39  409.59  354.05  360.07  291.56  312.90  367.22  415.63  428.79  445.64  515.50  463.89 
1283.10 1596.92 1816.05 1558.84 1164.37 1249.54 876.32  1230.29 877.34  831.58  921.80  993.66  1121.28 1450.10 1291.40 1269.07 1076.13 1031.74 878.57  827.99  885.12  924.92  829.13  940.61  1110.02 1375.28 1260.35 1395.81 971.99  1149.48 906.69  801.55  647.70  784.39  713.92  771.67  765.36  847.43  864.01  890.17  856.44 
588.23  571.29  541.77  560.27  389.06  353.59  316.11  294.16  351.98  367.03  450.59  440.93  468.24  544.24  483.80  477.64  335.15  459.56  301.32  327.65  374.56  389.17  368.27  511.18  420.53  584.52  532.48  521.99  451.10  474.98  437.99  382.24  408.74  429.29  413.16  394.08  431.26  523.50  512.85  496.77  523.15 
617.42  511.80  481.26  522.02  551.90  561.55  573.41  573.13  567.44  530.06  461.84  505.49  561.19  549.18  597.87  593.75  607.37  628.13  575.47  677.02  523.30  581.84  531.26  568.43  561.74  598.50  624.37  614.32  588.29  720.75  562.86  539.92  617.83  586.92  578.76  529.15  563.14  521.61  574.58  597.13  577.77 
199.26  176.62  172.18  162.25  200.70  187.17  165.75  177.96  147.59  143.51  180.20  118.17  146.57  191.49  135.29  154.38  142.99  134.95  124.44  151.42  120.36  132.48  144.09  150.13  122.32  160.25  146.93  168.34  148.84  149.85  140.92  128.54  118.92  145.54  132.98  159.77  161.63  140.85  137.96  154.22  177.82 
820.04  844.46  1044.84 1331.51 1415.32 1642.14 1772.54 1664.38 1342.19 1311.92 1031.24 951.30  957.21  961.90  984.88  1232.84 1390.57 1732.99 1755.71 1829.89 1578.38 1419.66 1266.25 1168.05 1036.66 1300.39 1226.12 1624.99 1549.36 1621.20 1703.24 1754.69 1705.31 1586.68 1511.48 1364.18 1243.08 1327.63 1385.26 1559.22 1546.62
589.36  631.62  800.42  805.31  756.06  834.31  624.44  573.68  477.42  447.67  415.13  483.30  515.12  799.63  678.35  847.34  739.85  881.47  659.89  539.62  642.71  637.78  489.42  542.99  529.39  748.26  795.52  879.76  772.44  792.39  756.38  586.61  612.30  716.35  549.22  495.57  513.32  650.42  680.20  842.00  683.31 
351.37  348.40  277.18  322.31  307.64  309.03  338.91  347.87  320.99  333.72  325.11  265.43  334.08  326.95  338.24  293.71  300.21  328.56  283.63  372.01  296.62  313.34  335.80  334.63  325.86  344.90  355.92  317.55  272.09  325.09  327.92  273.00  311.39  331.38  339.76  332.89  300.35  373.85  254.97  285.35  323.17 
1406.59 2290.73 1884.87 1012.10 515.44  296.21  296.57  186.73  89.30   137.38  228.96  668.88  1363.75 1297.72 1187.83 799.04  582.63  446.08  294.88  251.24  177.92  203.96  403.24  606.61  939.62  941.96  1000.91 779.19  630.11  717.45  504.27  350.52  366.71  311.47  463.29  529.90  683.30  650.42  651.40  649.31  587.03 
252.58  246.17  311.59  347.81  288.19  274.60  297.65  268.94  288.52  288.14  265.10  334.02  243.56  288.85  308.85  282.57  223.06  211.04  214.49  284.52  295.19  257.41  272.11  212.16  264.32  241.06  242.41  312.60  273.56  287.61  271.11  273.00  318.03  281.60  329.02  320.95  280.81  235.57  252.23  298.73  240.78 
186.91  176.62  194.72  167.21  162.42  162.52  180.95  160.97  191.86  173.31  179.86  134.31  181.33  161.86  170.98  159.02  157.55  163.84  153.38  134.79  150.39  156.72  168.45  138.21  154.67  145.23  152.33  181.53  167.18  167.48  179.38  146.15  153.20  153.00  181.32  164.25  163.59  162.64  160.34  195.70  198.19 
1345.97 1622.06 1889.62 2016.34 1953.06 1720.80 994.65  956.25  1013.11 915.73  1015.90 1074.35 1617.53 1417.65 2118.59 1995.48 1767.61 1534.56 1304.68 962.31  1111.08 994.54  1203.80 1153.73 1466.61 1255.47 1752.21 1494.74 1858.23 1537.44 1625.12 1266.67 1506.18 1195.90 1335.14 1356.72 1406.22 1482.02 1403.09 1505.69 1547.09
587.11  606.48  529.90  585.76  519.09  413.68  435.53  325.94  442.00  523.05  443.77  273.50  536.13  214.07  426.42  213.83  346.80  399.84  381.71  182.23  370.99  340.69  435.72  274.19  374.77  145.21  391.95  165.87  456.97  206.06  410.77  392.81  384.41  485.70  450.75  334.39  364.83  423.10  356.48  306.76  387.05 
7837.79 7040.15 6181.13 5982.31 5864.87 5872.38 4892.21 6286.98 5583.44 5205.43 5181.77 4061.89 3374.59 3301.34 3418.87 2417.21 3194.24 3214.47 3189.20 2301.88 4054.29 3239.48 2492.69 2251.17 2533.20 2259.89 2896.26 2665.33 2762.07 2560.22 2785.03 2329.04 2882.40 3137.34 2346.64 2364.12 2140.86 2338.24 2304.30 2629.69 2554.36
925.00  1060.65 1278.58 1128.25 1079.31 1077.37 1014.20 739.20  810.93  672.06  720.63  691.07  849.72  988.71  1015.67 951.38  955.30  948.90  913.95  1028.86 892.99  916.22  905.31  919.93  912.80  1021.83 945.06  1095.75 1134.86 1206.79 1093.70 917.83  1161.02 907.18  1166.86 1128.37 1156.13 1095.58 1216.54 1211.31 1344.33
802.08  459.01  271.84  200.50  197.05  288.44  589.16  955.70  1425.57 1973.69 1886.72 2046.66 1389.61 1038.09 692.35  508.29  442.15  535.66  705.72  1088.63 1383.88 1855.35 1836.38 1877.41 1570.74 1239.49 1099.10 923.46  685.87  707.53  748.09  797.14  1266.12 1350.22 1539.23 1367.91 1247.96 1191.24 1043.70 981.16  773.11 
279.53  492.53  901.27  1352.04 1431.72 1350.14 1204.19 1081.21 725.34  638.75  712.44  477.24  398.74  545.65  682.55  864.07  981.50  1000.91 947.71  1015.30 1035.28 804.35  571.85  501.63  573.57  538.59  858.58  831.95  1136.32 1017.23 1154.06 833.26  1048.18 668.23  851.77  631.38  669.63  648.53  803.65  772.42  908.28 
5944.57 5662.59 4972.10 4377.51 3960.61 4000.15 3788.63 3383.74 3454.70 3711.84 3558.79 3803.68 3802.14 3867.15 3894.05 3063.73 3926.48 3794.35 4145.13 4117.14 3863.01 4164.31 3775.33 4106.48 3845.14 4799.90 4333.08 4763.33 4485.40 4945.24 4549.15 4476.70 4579.45 4353.64 4878.07 4437.14 4207.03 4202.23 4333.73 4743.88 4551.32
5815.48 3412.73 1722.91 1357.00 1169.23 1362.29 1559.75 1701.65 1635.86 1893.93 2031.62 2157.61 2078.21 2013.09 1757.48 1870.08 2022.36 2578.73 2619.18 3059.16 2447.54 2338.89 2178.58 2152.56 1946.26 2251.90 1875.62 2130.32 2195.70 2674.84 2660.16 2930.70 2986.40 3160.57 3081.54 3120.05 2878.43 2777.72 2852.29 3180.99 3092.72
5743.07 8208.23 8372.56 7309.49 8322.07 7874.24 8120.99 7885.21 8785.77 8920.13 8566.83 8360.65 10435.18 10881.23 9784.47 8265.63 9196.29 9812.78 9768.95 8178.97 8659.31 9033.33 8653.61 9247.75 9167.84 10085.60 9227.29 5603.36 8650.28 8408.15 8231.85 9008.09 7575.28 8843.84 9337.61 8068.28 9246.93 9006.18 8515.37 10136.41 8920.19
632.57  1320.41 1502.82 1651.62 1256.73 1185.06 643.98  669.05  471.51  406.47  433.54  607.36  929.74  1565.81 1506.25 1685.22 1373.83 1240.76 1017.66 778.08  704.21  644.00  538.75  798.26  1050.86 1419.21 1568.44 1676.92 1361.55 1401.87 1062.92 1057.89 883.34  903.86  801.65  914.20  865.99  1037.80 1053.30 1377.24 1063.82
5410.79 5127.15 5969.34 6305.96 5876.42 6486.11 6673.79 6284.24 6516.10 6886.60 6959.88 6212.28 6357.73 7654.98 6328.74 6655.83 5446.28 6664.86 6802.28 6984.21 6897.39 6261.95 6018.39 6238.54 5752.70 7679.38 6370.76 7438.39 6111.14 5075.29 5625.02 6336.30 7306.45 7021.87 6825.88 6099.73 6794.88 5865.43 6561.38 7350.49 6583.92
410.87  794.18  916.70  740.15  494.78  323.21  255.31  133.02  138.00  63.99   93.94   146.42  382.57  466.64  458.61  366.17  317.68  282.32  241.82  152.66  159.33  89.60   143.47  178.76  254.86  263.02  390.15  320.85  327.85  243.53  264.01  163.77  154.30  152.18  196.54  180.66  224.15  248.83  252.23  247.88  303.73 
1805.10 1050.59 881.10  774.15  1086.60 1457.49 1321.44 1197.41 1092.80 1171.67 1139.33 1132.85 1126.13 1067.72 1277.40 891.93  1210.05 1126.14 1142.28 909.32  924.45  1074.09 940.28  813.37  911.22  792.19  991.91  949.01  1016.01 1109.81 1093.70 896.69  1041.54 1001.76 994.99  988.08  884.55  896.68  960.03  924.96  967.53 
115.07  127.19  146.08  133.93  155.13  184.80  147.83  110.61  84.88   63.17   58.03   44.37   58.97   54.34   67.46   87.51   90.59   91.60   63.68   59.84   67.87   37.90   42.36   46.95   41.29   44.45   49.63   73.62   59.74   67.37   59.70   63.08   46.71   39.54   28.43   49.95   38.48   58.38   50.20   65.97   57.83  
242.48  230.25  322.86  394.55  427.34  375.20  455.08  399.39  367.47  326.71  321.02  275.52  258.11  324.83  293.45  325.30  300.94  374.80  387.34  353.53  433.91  331.99  306.45  293.28  306.14  280.00  289.26  403.28  379.21  440.81  362.84  336.43  433.08  332.21  377.35  322.45  305.24  278.19  296.81  415.15  305.12 
581.50  510.96  579.74  459.70  448.00  394.10  444.22  265.65  388.13  314.43  412.06  380.42  494.11  543.54  556.58  472.99  439.96  447.04  395.38  367.09  360.98  378.60  480.68  425.29  414.22  511.63  529.78  385.97  487.79  425.38  410.77  332.02  422.02  396.93  456.12  539.60  464.47  574.65  503.94  547.62  522.22 
28.23   25.29   21.68   24.49   39.50   43.11   34.19   31.30   42.79   27.10   26.08   24.72   21.64   27.84   27.30   23.88   36.60   58.16   40.54   31.02   32.93   29.36   28.70   35.04   30.57   39.69   42.64   45.47   43.78   49.20   33.76   36.47   63.80   43.67   42.58   25.60   28.16   34.33   40.82   44.27   35.83  
536.59  593.08  736.35  993.69  928.62  1186.75 1041.34 952.96  750.43  628.23  673.58  574.07  717.17  726.26  861.71  908.65  1153.28 1162.74 1074.74 1076.92 822.19  788.19  787.91  754.52  647.73  806.17  905.43  833.60  927.97  895.99  1119.73 1002.40 855.69  839.14  803.44  903.01  794.67  919.41  851.66  941.02  1058.26
5798.64 5537.73 6055.95 5770.55 5598.13 5983.79 5954.54 5371.67 5655.01 5648.95 5797.89 5103.80 5160.76 5503.91 6474.30 5877.40 6110.83 5557.11 6275.67 6174.55 6321.05 6120.86 6264.43 5195.97 5802.40 6249.62 5872.60 5972.67 6662.84 7007.33 6442.28 6073.79 6712.37 5998.06 6995.05 5834.08 6334.75 5676.94 6415.29 6548.97 7072.75
2425.88 5359.25 4652.94 2975.26 2160.86 2185.31 1707.94 1452.82 875.86  640.50  545.37  1120.75 2747.42 3115.08 3252.31 2664.30 2370.29 2041.23 1828.87 1327.09 1082.48 864.01  1003.97 1400.26 2100.88 2261.88 2305.32 2299.32 1905.18 1704.96 1906.81 1175.05 1340.24 996.78  1401.38 1374.63 1630.91 1690.39 1942.17 1832.19 1937.78
74.10   36.21   19.84   19.58   28.14   20.81   41.95   23.26   46.91   21.08   18.97   32.48   21.62   21.47   22.10   20.10   28.29   68.53   41.81   31.32   22.74   42.64   52.68   22.69   23.52   33.88   31.41   33.58   59.72   51.36   25.80   36.33   49.64   34.52   50.30   57.51   49.19   40.64   39.46   49.41   29.30  
2263.11 2378.72 1566.30 1219.61 844.77  713.79  707.50  621.91  668.52  731.66  970.55  943.23  991.97  819.39  853.31  861.28  926.91  1029.81 1295.84 1312.30 1881.56 1631.60 1782.68 1449.57 1521.83 1305.39 1378.36 1369.44 1515.62 1434.94 1945.87 1693.91 2444.31 2046.32 2515.82 2646.94 2307.91 2194.27 2204.85 2431.66 2493.72
280.65  422.14  558.38  471.03  328.30  371.15  316.11  267.85  188.17  182.96  150.54  174.66  288.82  367.87  338.24  329.01  317.68  295.81  235.39  288.21  227.98  212.66  187.18  207.39  262.75  360.87  334.30  360.42  291.17  296.43  285.31  273.00  256.08  250.08  278.89  235.88  239.78  263.98  271.43  266.62  331.50 
419.29  557.88  716.18  1053.18 1392.84 1671.51 1660.71 1422.13 1269.14 1084.90 848.49  632.57  531.28  472.28  655.96  912.37  1124.89 1354.43 1375.43 1231.58 1121.45 987.70  801.03  661.48  579.10  630.45  706.34  823.71  1023.34 1291.66 1215.01 1176.82 1205.27 984.34  900.11  772.42  738.01  713.88  725.47  900.87  917.08 
2117.17 2518.65 3223.22 2975.26 2706.50 2780.81 2027.13 2202.61 1523.71 1429.37 1694.41 1822.75 2107.31 2570.44 2495.10 2177.55 2169.39 1871.70 1743.65 1848.37 1565.15 1461.92 1637.18 1710.41 1766.39 2221.95 2092.72 2368.56 1815.68 1588.13 1828.70 1573.22 1450.87 1555.98 1619.79 1668.64 1671.94 1593.78 1994.29 1858.95 1761.87
729.68  623.24  545.33  472.45  421.87  393.43  392.11  377.46  515.79  479.22  612.88  644.68  583.01  487.80  492.20  323.44  319.14  324.71  333.47  337.51  544.75  472.45  525.64  501.63  480.48  436.75  474.83  470.88  398.28  391.21  445.10  350.52  395.47  411.03  499.09  543.33  476.20  502.66  412.72  488.74  443.53 
234.06  222.71  355.49  548.23  675.24  991.96  952.31  871.84  830.85  810.55  791.55  693.09  490.07  448.29  435.51  517.58  656.14  749.50  809.43  821.21  818.98  776.38  638.67  423.70  413.43  442.74  420.78  587.12  638.92  596.21  639.79  621.84  645.49  637.53  627.99  580.64  456.66  479.93  527.26  586.42  659.70 
343.51  291.42  252.86  240.87  229.25  307.35  221.12  274.42  344.60  295.15  323.41  326.96  288.01  264.86  257.76  213.83  247.81  218.75  252.27  233.99  296.62  256.79  265.24  246.36  237.50  226.09  223.50  188.98  258.89  201.65  285.90  216.63  194.13  295.71  262.78  212.75  241.74  245.04  226.18  210.42  288.45 
182.99  285.56  429.05  374.72  350.17  243.88  225.46  197.69  150.54  102.32  103.83  134.31  172.44  321.30  350.83  354.09  287.11  277.51  184.74  219.20  150.75  153.61  129.11  146.95  201.21  271.01  240.61  362.89  274.30  246.83  212.52  262.43  201.87  168.77  197.43  120.97  171.40  221.36  196.01  275.98  229.20 
1702.38 1586.03 1506.97 1323.01 1278.60 1426.43 1177.59 1127.25 1058.85 1039.32 1157.40 1035.01 1380.72 1469.15 1280.20 1307.16 1310.50 1396.81 1321.56 1489.76 1164.35 1052.34 1286.86 1384.36 1211.00 1623.89 1355.84 1467.53 1334.41 1417.30 1309.11 1360.93 1182.04 1233.24 1367.37 1252.24 1307.55 1365.52 1460.70 1540.48 1538.75
335.66  272.15  242.18  272.03  250.52  257.72  297.65  249.76  266.39  195.23  193.84  239.21  165.97  137.87  175.88  201.75  196.85  219.71  204.84  248.78  271.59  263.00  211.54  205.80  197.27  165.18  202.78  314.25  246.42  283.21  275.25  241.29  252.76  257.54  235.92  256.03  245.65  227.99  202.17  247.88  249.11 
456.89  323.26  350.75  364.80  336.80  405.58  385.59  318.27  408.06  323.20  365.35  237.19  335.70  325.54  332.64  345.73  306.03  345.90  380.10  331.35  370.99  314.59  360.78  271.01  308.50  290.98  361.32  375.25  433.50  386.81  387.10  274.77  295.90  276.63  373.77  270.21  251.51  275.35  345.51  282.67  386.13 
454.65  321.59  239.22  231.66  193.41  191.56  223.83  186.73  223.59  207.50  263.06  212.98  183.75  187.26  171.68  165.52  177.93  147.47  177.50  125.54  249.43  233.79  238.39  164.45  185.43  139.23  179.36  253.25  235.41  228.10  237.97  147.92  187.49  153.83  266.36  217.97  241.74  188.21  220.68  178.30  279.66 
4241.07 5565.39 9686.00 12901.50 15118.84 14302.48 14599.18 12792.82 10958.04 7743.84 6517.65 4247.48 4942.54 9267.05 13392.77 17235.20 15547.72 19674.59 15782.70 15033.32 10431.24 10481.48 8612.39 7773.36 7399.13 11683.09 13162.12 16090.89 14604.51 14985.69 12456.03 15318.92 14124.50 14429.20 11487.72 11005.43 11527.05 11885.51 14254.57 16184.60 14212.09
1615.38 2175.94 2408.11 2540.42 2404.51 2142.78 2278.46 2439.93 2437.18 2936.11 2583.98 2951.40 2496.87 2823.71 2322.94 2689.38 2058.76 2442.91 2227.65 2590.25 2313.82 2682.59 2218.55 2470.66 2212.12 2525.47 2290.90 2428.74 2108.40 2555.81 2016.89 2039.23 2382.36 2512.60 2315.31 2354.42 2112.53 2217.01 2056.02 2311.23 2081.74
4743.99 2413.07 1890.21 1631.79 1285.90 1311.99 1161.85 1072.99 1021.22 935.01  1523.25 2509.62 2846.83 2878.74 1779.18 1336.88 1017.17 736.02  662.30  574.12  737.10  759.60  1406.75 1679.39 1630.70 2011.28 1371.15 1441.98 988.86  823.25  771.76  501.16  627.79  814.25  1003.94 1071.66 1154.18 1092.74 1123.95 1076.17 1029.10
178.50  202.60  336.51  404.46  485.06  465.00  429.02  286.48  304.76  147.89  125.99  98.01   104.55  149.16  254.26  317.87  410.85  386.36  415.48  263.57  311.64  235.03  197.17  115.14  133.37  103.56  249.62  258.20  377.74  269.98  336.21  202.53  247.23  223.53  232.34  125.44  159.68  178.74  219.31  239.86  280.59 
1205.09 1476.26 1090.52 815.93  505.72  477.83  459.42  453.10  602.85  766.72  1208.88 1442.50 1436.49 1251.86 989.77  750.74  677.98  520.25  540.10  507.57  815.04  774.52  1029.58 1063.08 1162.09 1145.64 931.55  1100.69 894.96  841.99  842.78  597.18  789.31  781.07  973.51  1044.79 955.86  960.14  957.29  969.12  1049.47
16.66   19.23   16.92   16.35   15.69   20.65   16.61   20.61   17.04   20.01   22.76   20.83   22.45   19.47   18.88   20.17   18.32   22.22   15.44   16.67   17.37   16.79   17.41   19.50   19.54   29.22   21.00   18.98   19.56   24.92   26.82   34.43   35.76   20.91   20.24   20.09   25.38   20.03   31.16   25.13   24.37  
756.62  1013.72 1168.23 1063.80 971.76  925.12  816.06  808.26  764.45  675.56  786.09  703.18  882.86  1011.99 1075.15 1006.19 1003.34 980.68  843.20  792.86  852.23  757.11  811.64  758.50  902.54  854.10  912.63  945.71  1013.81 904.81  977.11  800.67  993.97  786.05  904.59  835.10  857.19  895.73  906.53  994.54  1048.54
2393.89 2496.03 2628.79 2900.89 3077.14 3093.75 3092.71 2741.93 2781.03 2675.79 2427.14 2178.79 2015.98 2300.94 2433.51 2643.86 2780.08 3173.05 3207.69 3257.57 3072.51 2969.12 2452.10 2225.73 2219.22 2610.34 2428.73 2970.35 2966.02 3514.67 3280.35 3066.36 3231.99 2896.74 3125.40 2627.54 2554.09 2681.11 2647.91 2990.98 2954.31
1418.93 1449.45 1485.02 1295.39 1340.58 1572.94 1511.43 1560.25 1612.25 1620.45 1536.89 1499.99 1643.39 1754.88 1679.10 1432.56 1488.10 1603.91 1528.18 1539.05 1344.19 1314.00 1357.42 1346.18 1229.94 1407.23 1433.31 1600.26 1529.56 1568.29 1542.27 1446.37 1530.52 1557.64 1598.31 1364.18 1558.62 1535.06 1615.70 1660.91 1687.81
930.06  3262.74 4575.22 3468.17 2104.35 1265.40 889.89  516.68  393.30  295.15  258.28  773.78  1863.23 2976.81 2894.00 2579.76 1871.69 1567.31 1112.53 908.70  593.73  631.57  679.88  1021.72 1581.00 2143.07 2142.27 2204.51 1902.98 1749.05 1403.79 1182.98 1045.97 1067.31 932.33  1318.66 1399.38 1719.75 1647.25 2073.05 1659.57
380.00  480.79  590.42  711.82  679.50  609.48  628.24  515.04  446.43  422.25  328.18  354.19  413.28  499.80  539.09  656.92  554.24  607.90  591.55  522.36  414.61  384.82  375.77  387.12  453.66  527.61  545.09  467.58  561.15  614.95  545.11  472.09  439.72  491.51  434.64  428.41  384.37  455.31  415.46  522.19  484.73 
168.39  467.39  588.04  356.30  271.18  144.29  95.72   47.36   59.84   43.11   134.86  206.93  275.89  355.17  422.22  275.14  209.96  172.51  143.74  44.17   102.84  103.27  135.98  161.27  303.77  282.99  352.32  207.09  270.63  184.01  214.30  110.93  143.24  115.67  124.93  174.69  187.03  142.75  230.28  250.56  277.81 
1536.80 2067.84 2476.92 2805.29 2774.55 2604.59 2107.47 1708.23 1423.36 1143.62 1398.46 1312.38 1999.01 2309.40 2646.26 2428.35 2558.08 2586.43 2119.91 1876.72 1675.98 1387.34 1504.79 1587.94 1715.90 2176.02 2128.75 2294.37 2065.11 2119.36 2022.80 1737.07 1767.27 1743.49 1612.63 1746.25 1593.79 1768.06 1958.63 2078.40 2229.40
2494.92 2144.10 2582.52 2665.77 2755.71 3337.14 3477.58 4138.46 3695.24 3919.57 3470.82 3875.30 2961.59 3011.38 3357.98 3611.79 3611.31 4074.66 4184.53 4398.73 4294.55 4284.26 3832.78 3801.90 3639.24 4030.11 3742.14 4483.87 3841.26 3625.98 3667.98 3662.74 4092.68 4132.95 3923.86 3589.43 3406.94 3491.87 3555.98 4061.46 3734.30
368.21  537.77  503.80  388.88  395.13  456.89  345.42  338.00  434.62  298.66  408.99  410.67  450.46  350.93  462.81  421.90  467.62  461.49  447.64  405.29  388.15  339.45  385.76  352.13  379.50  352.88  379.34  362.07  454.04  382.40  396.57  380.47  364.49  382.82  286.05  298.57  280.81  351.12  337.28  354.93  342.61 
310.40  891.38  1193.74 1291.14 911.00  909.25  570.70  564.91  433.14  373.16  326.14  402.61  675.96  1016.22 1359.28 1308.08 1270.47 1001.88 805.41  557.48  657.01  504.77  340.80  445.17  642.21  885.05  1127.93 1200.44 1059.29 1092.17 859.94  724.03  703.02  836.66  470.45  597.80  687.21  758.39  862.64  1073.49 982.81 
2083.50 732.17  439.14  413.67  241.41  283.04  299.28  393.36  534.23  762.34  1424.37 2158.62 2396.65 1867.05 1350.88 960.67  722.38  509.65  393.77  425.62  1068.53 1284.79 1821.39 2020.55 1944.68 1781.64 1508.08 1301.01 1144.39 1103.19 786.56  783.05  1094.64 1430.70 1698.57 1882.06 1735.44 1594.73 1492.25 1505.69 1396.18
287.38  514.31  698.39  618.34  353.82  241.52  167.37  88.09   77.50   63.99   110.31  164.57  300.13  404.55  471.20  379.17  275.46  214.90  172.68  134.17  108.56  105.76  115.99  172.40  261.17  286.99  334.30  317.55  283.83  236.92  232.05  130.30  143.24  158.81  153.57  188.12  196.80  237.46  209.71  298.73  263.92 
1669.27 1702.50 1999.96 1996.51 2100.10 2165.73 1958.73 1485.70 1619.63 1353.99 1603.72 1493.94 1753.31 2243.09 2191.37 2175.69 2045.65 2021.96 1796.71 1797.85 1411.41 1520.34 1738.34 1473.42 1589.68 1776.65 1712.57 1682.69 1919.85 1605.77 1657.08 1037.63 1457.51 1287.17 1535.65 1565.66 1650.45 1836.25 1813.23 1695.70 2083.13
651.10  591.40  537.02  449.79  491.14  456.22  519.13  325.94  493.65  337.22  494.23  410.67  518.35  380.57  525.79  358.74  530.22  411.40  505.53  370.78  501.85  406.57  621.81  377.57  545.17  346.89  543.29  489.02  540.61  439.71  654.59  368.14  406.53  321.43  593.97  558.25  448.84  510.24  468.96  518.18  551.85 
10070.02 8433.64 8913.01 7125.35 8230.92 8859.98 8784.34 8297.38 9643.91 8448.56 10041.49 9690.01 10525.70 12382.54 10571.78 11559.55 8852.73 12537.83 10786.79 9638.69 10020.44 10977.45 11208.27 12163.12 8070.48 11436.48 11548.73 10347.56 11297.99 10040.41 9382.29 10640.41 10671.78 10916.36 11929.02 10159.95 11894.37 11131.58 12474.79 13275.58 12834.95
6443.55 7334.90 7458.78 4900.84 6912.64 6111.34 6948.20 4463.99 8050.40 4976.07 7390.51 3447.34 9262.17 8069.26 9110.90 6188.94 7866.83 9025.75 10271.28 7819.33 8537.24 6121.90 10575.69 5204.46 7297.11 8677.34 8784.57 7293.15 10209.96 6105.51 8444.32 5385.44 8950.02 7920.36 8968.32 6438.37 9552.84 6552.97 9849.34 7816.97 9238.16
368.77  324.94  360.24  327.27  309.46  297.89  313.94  243.73  314.35  288.14  288.97  289.64  324.38  376.33  334.74  344.80  290.02  372.87  281.22  347.37  284.11  312.10  315.20  290.10  309.29  309.95  276.65  338.16  291.90  358.15  309.58  259.79  322.45  230.16  332.60  304.54  291.56  352.07  276.92  316.13  350.48 
308.71  319.91  337.69  262.82  226.22  192.23  185.83  115.48  140.95  90.05   156.00  128.26  241.94  228.18  259.86  219.40  199.77  201.41  171.07  139.10  165.76  146.78  178.44  123.10  183.86  229.08  182.96  174.11  214.87  188.42  247.44  130.30  183.06  147.20  171.47  195.59  208.52  209.05  223.42  205.07  281.51 
465.87  1012.04 1335.53 1452.61 1016.11 716.16  469.19  263.46  166.04  123.35  179.86  275.52  607.26  819.39  928.89  917.94  747.13  465.34  399.40  351.06  283.04  213.90  270.86  325.09  496.26  586.52  817.14  688.51  798.85  558.74  661.69  359.33  340.16  298.20  323.65  397.07  382.41  472.36  544.40  558.32  621.28 
380.56  419.62  411.26  347.81  386.63  406.26  502.85  479.41  504.72  454.68  399.78  321.92  449.65  414.43  404.72  317.87  376.64  465.34  479.80  405.29  392.44  405.95  439.46  356.90  448.93  329.92  387.45  312.60  426.16  383.50  412.55  367.26  448.57  547.93  448.07  374.68  414.65  446.78  399.69  344.23  377.79 
1224.73 1203.93 1175.35 1090.72 1011.86 925.12  985.97  803.88  827.16  717.63  797.34  732.43  1016.21 1014.81 1076.55 999.69  1140.18 1038.48 1003.19 930.27  901.92  911.25  865.97  800.65  886.77  935.97  986.50  981.16  968.32  976.45  983.03  743.41  819.18  947.83  872.36  924.65  886.50  929.83  925.74  1029.33 959.20 
22317.81 22498.38 20269.44 20307.93 19717.26 18912.50 20757.10 24365.21 23793.93 25598.60 21096.48 28266.84 23827.35 29169.21 21540.13 27769.06 21341.59 30532.41 24575.00 27403.68 22119.70 26651.04 24061.53 33396.18 23794.03 35182.19 29699.55 30395.22 24859.34 30501.55 22144.80 31229.88 33179.20 32854.60 29080.62 26865.73 29175.98 28663.33 29560.03 37591.44 26601.20
2311.38 1947.18 1794.70 1574.42 1490.05 1300.85 1392.01 1483.51 1343.67 1597.66 1424.37 1570.59 1559.34 1595.44 1456.56 1360.10 1413.86 1403.55 1471.91 1327.09 1357.06 1361.23 1569.74 1662.69 1608.61 1940.39 1863.91 1906.92 1793.67 1826.19 1680.75 1765.26 1612.39 1773.36 1680.66 1749.23 1705.16 1805.94 1840.66 2089.10 1799.83
4709.75 6111.72 7555.67 7364.73 6470.67 6811.87 5420.93 5959.77 4129.11 3683.79 3128.50 4625.71 4549.74 5546.24 5994.22 6260.11 5059.05 5204.56 4291.46 3229.23 3703.91 3595.61 2453.35 3400.30 3789.92 5016.56 5484.34 5564.61 5184.56 5179.99 4336.10 4145.48 4121.45 4134.61 3159.42 3190.19 3992.11 4278.00 4249.37 5198.84 4489.75
3050.03 2457.48 2093.10 1800.34 1606.72 1663.08 1549.43 1529.00 1467.63 1439.89 1440.06 1311.38 1549.64 1797.21 1567.83 1541.24 1565.26 1695.42 1674.51 1933.41 1622.00 1640.92 1785.80 1863.89 1760.87 2161.04 2010.74 2555.69 2166.36 2470.94 2155.96 2210.12 2283.90 2237.97 2195.36 2016.38 2140.86 2170.60 2525.83 2656.46 2807.57
4518.35 8959.02 10319.58 10796.70 7557.69 4504.50 3110.63 1859.50 1263.98 956.05  978.39  2407.75 5755.60 8610.93 8104.90 7604.25 5784.01 4701.74 3457.73 2573.00 1640.94 1685.67 2023.09 3461.54 5054.52 7681.37 6634.70 5952.89 5448.67 4153.90 3723.60 3606.36 3324.92 2717.53 2966.07 3907.32 4716.00 5016.78 5570.32 5873.24 4268.95
3682.04 4726.61 4064.44 3310.95 2387.50 2820.31 2724.13 4160.94 3943.17 5685.76 5883.13 7653.60 5787.93 6142.39 4966.18 4569.49 3714.67 3606.52 3540.54 4021.01 4844.80 5713.77 4637.08 5477.49 5265.16 5873.21 5639.29 4736.95 4391.49 4790.94 4136.08 4252.07 4709.99 5535.93 4836.89 4620.71 4665.21 4538.47 4448.95 5050.31 4243.03
1699.58 703.68  598.72  573.02  441.31  489.30  474.08  458.58  417.65  458.18  540.60  702.17  845.68  1088.18 923.99  943.02  859.22  901.70  825.51  832.30  738.53  850.34  1037.70 1242.80 1177.87 1383.26 1287.38 1144.38 1019.67 997.39  923.85  876.43  862.32  968.57  1006.63 1111.95 1110.21 1175.14 1047.13 1109.62 1091.59
143.70  78.59   45.49   54.72   63.40   88.93   88.12   112.19  102.58  97.06   89.17   81.91   44.55   52.66   54.43   65.39   58.68   80.05   87.47   86.11   113.56  109.48  56.28   62.89   56.71   63.55   66.48   88.38   65.41   61.64   85.30   67.86   103.50  90.83   71.56   68.94   91.34   74.70   66.51   77.85   67.42  
583.74  524.37  501.43  466.78  468.05  600.03  625.53  618.62  492.17  519.54  508.55  473.21  550.68  504.73  471.20  496.22  488.00  552.04  603.61  628.34  541.17  539.58  548.12  522.31  543.59  532.60  600.95  568.16  609.57  543.31  739.81  531.99  610.09  557.06  660.21  622.43  591.47  612.53  562.24  611.85  698.12 
873.37  661.79  602.28  613.38  517.87  513.61  530.53  401.03  475.94  470.46  470.70  533.73  439.15  462.40  453.01  447.91  391.92  396.95  421.11  457.66  442.49  433.92  493.17  396.66  433.94  506.64  509.96  501.38  456.24  429.79  507.23  432.45  488.40  529.68  499.99  482.14  412.70  559.49  383.91  535.57  462.04 
644.92  753.96  970.68  1405.16 1697.25 1891.28 1881.10 1982.28 1688.99 1595.91 1480.63 1333.57 1719.36 1970.76 2130.49 2355.90 2431.43 2719.36 2256.59 2042.47 1675.63 1601.14 1724.60 1743.01 1958.09 1998.30 2399.90 2192.97 2238.99 2203.12 2369.59 2086.79 2019.50 1998.20 1993.06 1876.84 2089.08 2138.39 2228.17 2687.23 2446.04
3402.52 4088.94 4098.85 4903.00 4603.47 4800.22 4706.56 5038.43 5264.68 5473.65 5216.55 4969.65 5445.25 5206.19 4923.49 4377.21 4435.99 4578.44 4787.51 5109.18 4353.19 4148.15 4934.33 4891.39 4358.71 4895.75 4215.07 4431.12 3972.58 3719.66 4337.88 4237.09 4327.22 4751.89 4591.63 4899.80 4458.10 4518.58 4403.00 5011.50 4120.82
205.44  220.20  208.96  306.02  327.69  388.70  351.40  359.93  290.74  257.46  263.06  243.24  197.49  200.66  208.77  254.70  265.27  259.21  342.32  319.02  322.01  290.35  227.15  231.25  247.76  261.03  263.13  346.40  283.10  306.35  304.25  351.40  293.69  280.77  256.51  301.55  247.60  216.62  241.26  297.39  253.27 
714.52  826.02  1032.38 1128.96 1228.17 1872.71 2064.04 2636.15 2587.71 2752.04 2786.51 3062.35 2399.88 2149.25 1912.84 2113.45 2162.84 2416.90 2560.49 2688.84 3258.78 3010.76 2352.81 2292.53 2061.44 2193.99 2185.51 2335.59 2254.39 2359.63 2429.95 2114.10 2532.82 2458.67 2386.03 2244.73 1909.33 1790.79 1912.68 1925.86 1862.78
384.49  365.16  345.41  270.61  310.67  293.51  297.11  307.31  323.94  238.18  280.79  234.17  287.20  218.30  274.55  224.97  263.09  304.48  306.14  312.25  279.82  295.32  332.06  259.88  332.96  269.01  334.30  250.78  291.90  294.23  331.47  259.79  342.37  308.15  330.81  264.99  337.48  261.14  298.87  263.94  291.70 
972.71  673.52  525.75  434.91  440.10  462.63  445.31  421.86  374.85  376.67  395.01  305.78  391.46  341.76  390.72  279.78  393.38  373.83  380.91  428.70  414.61  382.33  437.59  399.84  464.71  481.68  483.84  442.85  452.57  423.18  511.38  382.24  474.02  424.31  443.59  364.23  467.41  421.21  415.46  492.76  499.08 
3445.73 4019.39 3996.22 4554.56 4611.97 5132.07 4336.89 4503.49 4485.50 4690.91 5275.87 5251.06 5124.39 5053.80 5308.39 4950.35 4847.24 4857.79 5056.04 4661.22 5442.59 5258.19 4439.13 4682.24 4779.19 5226.23 5347.42 5602.53 5759.00 6078.23 5311.37 5133.86 5611.62 4898.74 5245.97 5222.92 5009.08 4894.60 5135.49 5629.70 5601.65
652.78  937.47  1259.59 1266.35 1027.05 971.71  791.63  669.05  506.19  409.98  478.55  507.50  656.56  755.19  921.89  827.84  802.44  764.91  638.18  510.04  564.41  466.86  431.97  469.03  583.83  608.48  766.70  883.89  776.84  830.97  798.39  571.63  538.18  514.74  493.72  529.15  526.02  622.00  674.03  737.63  708.31 
102.16  157.35  156.16  152.34  132.64  144.97  143.49  141.79  168.99  188.21  162.13  196.85  159.50  183.03  187.08  182.24  173.56  139.76  175.89  194.56  192.22  206.44  188.43  177.17  171.23  197.13  168.55  223.57  181.12  179.60  166.96  165.53  196.34  178.72  225.18  150.81  155.77  178.74  187.76  191.68  195.41 
529.86  696.14  1019.92 819.47  670.38  609.82  558.76  402.13  451.59  370.53  429.11  469.17  761.63  700.16  910.69  708.01  672.88  555.89  517.59  422.54  410.32  389.17  588.08  485.73  535.71  608.48  654.99  597.01  671.93  575.27  611.39  434.21  529.33  488.19  560.85  476.17  546.54  605.90  621.90  591.77  625.45 
200.39  141.43  219.05  258.57  314.93  343.81  339.45  291.96  272.29  192.60  213.62  152.47  186.98  213.36  205.27  224.97  261.63  260.17  279.61  337.51  299.48  226.95  259.62  181.15  186.22  243.06  276.65  287.87  292.64  218.18  248.03  186.67  300.33  241.78  291.42  267.97  273.98  223.25  276.92  280.00  308.82 
4119.28 5281.33 5775.35 5030.48 5112.65 5103.37 4821.64 5384.28 5313.38 4654.10 5521.37 4819.37 6080.51 5501.09 5731.09 4380.00 5141.30 4957.00 5190.30 4528.13 5245.23 5250.11 5262.17 4473.89 5071.88 4591.23 5128.52 4629.79 5009.22 5042.22 5361.67 4562.15 4830.58 4958.48 4986.38 4255.81 5192.74 4616.14 4750.73 5054.32 5526.66
532.10  465.71  386.34  371.88  312.50  446.77  394.28  487.08  425.77  456.43  560.38  509.52  456.93  458.17  387.23  407.04  378.82  422.96  392.97  457.05  539.03  614.16  435.72  488.91  491.53  462.71  471.23  550.02  421.76  523.47  465.22  435.09  503.89  495.66  499.09  419.46  386.32  428.79  393.52  429.87  391.68 
1451.49 1432.69 1197.89 1063.10 954.14  1027.41 1014.20 938.71  1107.55 1106.81 929.98  816.14  1025.91 926.62  903.70  834.34  984.41  848.72  1073.13 961.08  1066.03 862.77  1181.32 876.99  998.00  935.97  824.35  723.14  1096.71 907.01  1039.25 944.26  1061.45 956.96  1071.97 1104.49 888.46  824.70  949.06  1045.39 954.57 
198.14  231.93  194.13  162.96  143.58  186.15  157.06  198.79  188.91  203.12  221.12  192.81  156.27  192.90  126.89  156.23  146.63  168.66  142.13  154.50  178.99  191.53  185.31  180.35  145.20  166.32  180.26  174.11  157.65  154.26  161.63  171.70  183.06  175.41  180.42  189.62  179.22  197.68  148.68  194.36  176.90 
2773.32 3156.32 3864.52 3791.82 4547.57 4464.33 4920.98 3636.96 4456.72 3482.19 3248.52 2505.59 3043.22 3331.67 3716.29 3465.95 4534.98 4960.86 5230.50 4351.28 3824.04 3783.31 4020.74 3175.25 3079.12 3632.73 3556.57 3486.40 4329.13 3976.46 4111.82 3686.52 4133.62 4098.93 4028.59 3549.88 3772.31 3829.06 3907.13 4033.36 4016.67
758.86  1451.12 2569.47 2953.30 2357.12 1854.82 1535.86 895.41  881.03  600.18  739.38  531.71  1093.80 1309.00 2560.18 2611.35 2484.56 1789.82 1838.52 1101.57 1403.90 901.93  897.82  682.95  1291.47 1395.25 2444.94 1371.91 2436.34 1728.10 2409.83 1390.00 1456.40 1006.74 1292.18 1053.00 1446.27 1422.35 1619.82 1369.21 2079.42
171.20  404.54  537.62  556.73  492.35  540.62  512.62  476.67  402.15  290.77  240.55  256.36  331.65  389.74  492.20  483.21  608.10  527.95  589.94  537.15  456.08  381.09  343.30  310.77  345.58  352.88  430.69  382.67  514.93  537.80  578.84  524.06  458.53  402.74  428.38  401.55  439.07  411.74  402.43  514.17  491.67 
37.19   26.88   30.87   18.88   26.45   25.12   28.08   27.52   23.36   25.20   25.23   25.67   20.19   22.72   33.58   29.51   29.30   37.88   26.53   17.10   34.32   22.21   18.64   24.24   21.43   32.19   25.97   28.18   28.82   30.15   30.79   28.90   38.18   32.55   35.63   25.55   26.65   23.75   35.15   33.97   25.44  
757.18  843.62  908.39  894.54  739.04  606.44  525.65  404.32  381.49  311.80  335.68  441.94  509.46  650.77  693.75  596.54  647.41  603.09  503.92  457.66  386.00  384.20  380.14  405.41  467.07  588.51  621.66  661.31  550.14  521.27  494.21  396.33  393.26  433.43  417.63  414.98  412.70  483.72  499.82  556.98  489.82 
200.95  297.29  430.24  365.51  320.40  280.34  240.66  219.61  152.76  135.62  127.35  157.51  212.04  321.30  368.33  346.66  282.74  288.10  274.78  237.07  177.92  162.94  164.08  180.35  216.99  240.06  297.37  283.75  288.23  260.06  270.52  178.75  168.68  154.66  208.17  170.96  208.52  215.68  182.97  246.55  223.65 
1148.40 1060.65 1072.72 944.82  859.35  863.68  823.12  663.02  605.07  585.28  666.42  597.27  712.32  864.54  742.04  747.95  726.75  747.58  663.91  701.67  729.24  648.35  720.47  799.05  794.46  855.09  819.85  929.23  839.93  920.24  862.31  731.96  824.71  758.67  777.48  803.76  813.23  857.85  928.48  918.27  1043.45
79.71   91.15   87.35   85.06   64.01   72.15   51.01   35.18   48.32   46.42   49.53   57.51   46.02   73.75   81.41   79.16   58.69   78.12   55.98   53.26   53.85   54.77   53.67   65.24   64.24   72.75   75.45   99.92   95.29   82.89   85.30   100.39  74.31   58.98   89.19   66.75   63.91   87.86   70.38   98.28   71.43  
11.33   11.42   11.75   12.48   10.67   12.64   9.38    13.93   11.19   15.60   10.83   13.59   13.75   13.75   12.23   11.43   10.13   12.20   15.65   13.65   11.26   12.71   12.59   14.70   14.35   18.57   16.75   16.90   14.83   18.29   14.60   16.04   18.46   15.60   13.86   12.91   15.70   15.99   19.81   17.54   16.31  
522.00  447.28  315.15  329.39  344.09  440.69  350.85  328.14  332.79  296.90  318.98  451.02  400.35  335.41  327.04  239.84  271.10  276.54  285.24  263.57  328.08  335.72  289.59  290.10  300.61  318.94  345.11  320.85  299.97  355.95  318.45  341.71  337.94  343.00  345.13  355.28  337.48  299.97  293.38  325.49  297.25 
329.48  248.69  146.67  93.56   90.11   60.45   66.99   94.12   180.06  224.15  347.28  308.80  257.30  190.79  133.19  119.08  71.10   71.40   75.49   113.84  168.98  249.95  257.75  248.74  183.86  167.18  141.52  138.66  107.78  86.49   119.02  93.39   154.30  180.38  192.96  194.84  180.19  174.95  158.38  152.89  163.47 
4719.29 4383.90 4015.79 3444.09 3371.23 3782.08 3656.72 3747.13 3563.17 3306.88 3144.18 3404.27 3777.09 3380.35 3488.85 3455.73 3913.38 3617.11 4295.48 3897.78 3431.47 3491.82 3945.18 3816.22 3757.57 4272.73 3652.96 4383.30 4082.63 4385.35 4147.32 3948.15 3818.32 4005.18 3966.83 3878.96 4305.70 3755.18 4352.25 4222.03 4388.38
1802.85 1561.73 1226.37 1339.30 1189.89 1433.86 1302.99 1197.41 1075.09 1124.34 1245.03 1175.21 996.82  830.67  923.29  825.05  959.67  860.28  1031.33 926.57  1284.84 1198.39 1053.93 1018.54 1135.27 1101.71 1366.65 1326.57 1281.58 1312.60 1542.27 1109.87 1271.65 993.46  1131.05 1017.93 1070.16 938.35  1128.75 1048.07 1351.74
1183.20 1612.01 1761.47 1873.28 1962.78 1827.48 1819.76 1889.10 1866.08 2018.39 1804.89 2028.51 2112.16 2344.68 2213.77 1897.01 1811.28 1646.29 1623.05 1763.34 1668.83 1921.85 1802.03 1921.94 1774.28 2004.29 1935.98 1982.76 1840.62 1685.12 1599.08 1684.22 1953.12 1877.90 1857.90 1723.86 1828.25 1785.11 1637.65 2019.52 1448.02
5855.33 4853.14 4801.25 4555.98 4873.25 5341.03 5293.91 4788.50 3929.15 3268.32 2887.10 2571.15 2298.05 2523.88 2832.41 3496.60 4042.94 4765.32 4313.16 4268.72 3383.56 3327.74 3169.60 2785.58 2279.17 2691.21 2941.30 3405.61 3849.33 4107.61 3681.00 3664.50 3796.20 3095.86 3266.84 2677.54 2662.53 2597.76 3077.94 3068.59 3533.86
1358.32 1906.96 2493.54 2342.12 1870.42 1724.85 1597.20 1301.55 1320.06 1334.71 1250.48 1522.18 1800.19 2189.47 2252.96 2101.38 1967.04 1783.08 1750.08 1752.25 1374.23 1377.39 1372.41 1551.36 1521.83 2026.25 1957.60 1760.18 1679.22 1784.31 1613.29 1636.65 1707.53 1477.99 1686.03 1513.42 1746.19 1713.12 1762.47 1931.21 1907.22
276.72  473.25  484.82  428.54  336.80  269.20  216.23  233.87  196.29  186.46  185.32  285.61  309.02  376.33  378.13  349.45  283.47  278.47  266.74  281.44  196.87  235.65  218.40  251.93  304.56  341.90  330.70  317.55  288.97  303.04  239.15  237.77  287.05  239.29  233.24  240.36  248.58  222.31  261.15  296.06  227.81 
171.76  199.25  160.91  125.43  182.47  157.80  150.00  83.73   146.85  90.05   153.27  85.93   162.74  101.19  173.08  171.10  150.27  186.00  161.42  92.27   160.04  150.51  184.68  94.47   117.59  60.40   150.53  33.58   140.04  128.92  166.96  48.33   125.54  61.87   173.26  64.60   124.51  95.40   141.15  87.91   172.27 
628.55  705.85  693.92  738.75  700.98  711.95  659.25  818.48  827.32  831.73  936.04  892.69  617.08  592.85  562.44  626.02  543.74  637.28  586.60  533.89  899.61  808.62  571.00  578.34  549.47  563.88  577.93  625.76  659.39  683.94  694.14  570.67  690.64  712.89  549.06  520.93  588.92  578.17  511.33  533.29  674.40 
1349.34 1276.83 1091.11 932.78  804.66  710.08  667.87  582.45  605.80  665.04  713.81  769.74  977.42  1004.23 1214.42 994.11  1000.43 937.34  838.37  704.75  679.18  635.29  784.17  772.02  827.60  1057.78 1065.77 1056.18 1084.97 957.71  990.72  905.50  860.11  822.55  876.84  979.13  968.56  1046.33 990.21  1141.73 1115.66
276.16  194.22  191.16  179.25  175.78  204.05  269.97  358.28  368.95  409.98  297.84  344.11  232.24  226.06  188.48  209.18  207.04  262.10  258.70  325.80  316.29  347.53  336.43  222.50  239.87  224.08  246.02  210.38  208.27  231.40  179.38  233.36  274.88  295.71  262.78  238.12  242.72  231.78  192.56  242.53  208.37 
480.47  494.20  609.40  672.16  713.52  882.92  816.60  626.30  558.58  601.93  592.43  537.76  489.26  445.47  590.17  639.27  680.16  667.63  679.18  694.89  743.54  709.88  648.03  501.63  445.77  522.62  638.78  800.63  697.61  730.67  750.46  609.51  698.59  586.92  593.97  568.70  499.64  578.44  589.67  689.46  691.64 
731.36  932.44  922.63  864.80  784.01  904.87  854.60  807.17  795.44  736.04  880.20  743.52  758.39  682.52  825.32  678.28  698.36  729.27  762.80  765.14  908.72  864.64  715.47  672.61  747.13  687.36  845.07  779.19  839.20  851.91  1003.74 783.93  873.39  789.36  926.96  770.93  871.85  751.76  703.52  741.64  947.16 
284.02  433.03  525.75  621.88  542.18  466.68  459.42  446.52  395.51  337.22  344.21  458.08  446.42  551.30  565.68  631.84  542.59  600.20  529.64  500.18  416.04  419.00  385.14  372.01  426.05  480.68  642.38  556.61  573.62  661.24  518.48  450.07  441.93  363.74  445.38  432.89  439.07  506.45  515.60  567.69  443.99 
1139.41 1719.26 1795.88 1616.91 1284.68 1425.75 1155.33 1154.66 849.30  749.19  665.39  1342.64 1541.56 1572.86 1821.87 1709.37 1643.87 1449.79 1539.44 1201.39 1313.44 1276.71 1007.72 1242.80 1247.29 1710.75 1498.17 1537.61 1520.75 1400.77 1374.20 1201.48 1143.32 1386.73 1127.47 1161.20 1175.67 1283.12 1212.42 1200.61 1147.14
673.55  757.31  807.54  975.28  712.31  629.06  522.39  473.93  425.77  473.96  485.36  606.35  665.45  730.49  752.53  782.32  720.92  677.26  606.83  555.64  498.99  576.87  685.50  622.51  676.13  730.29  818.95  703.35  690.27  631.48  568.19  627.13  521.59  716.35  574.28  600.04  593.43  548.13  600.64  700.16  691.64 
44.30   50.27   53.27   61.72   67.04   57.55   65.33   53.11   56.93   37.53   56.65   31.23   37.82   52.66   38.00   38.61   42.15   60.92   63.62   50.93   49.10   37.47   36.03   64.44   34.45   35.68   31.41   45.36   38.97   42.52   38.49   38.49   36.95   28.94   43.15   71.86   54.12   40.64   42.93   40.95   36.09  
424.34  448.95  416.00  466.78  451.03  471.75  445.31  483.79  503.98  470.46  554.24  561.97  515.12  501.91  506.20  399.61  538.95  474.97  491.05  458.28  574.07  440.14  541.87  463.46  513.62  498.65  566.71  663.78  523.00  490.41  525.58  457.99  506.10  550.42  416.74  414.98  364.83  349.23  366.08  389.72  437.97 
965.42  731.34  490.75  405.88  396.96  407.95  396.99  411.45  359.36  319.69  352.39  272.49  311.45  364.34  405.42  350.38  446.51  469.20  405.03  375.71  347.03  356.85  350.79  344.97  457.60  612.48  728.86  791.56  726.95  806.72  684.18  499.40  554.77  450.86  429.27  482.14  450.80  514.03  667.17  755.02  861.99 
675.79  2044.38 3019.15 2594.95 2335.24 1660.71 1047.85 726.05  426.50  317.94  307.04  300.73  937.82  1291.37 1809.27 1564.46 1341.07 988.39  858.47  447.80  598.74  403.47  465.69  470.62  1019.30 1030.82 1719.78 902.85  1624.20 1363.30 1275.97 872.02  896.62  708.06  725.56  502.29  992.99  938.35  1195.96 801.86  1325.36
273.91  408.73  646.18  513.53  408.50  344.14  285.71  127.54  120.29  79.56   102.12  68.00   233.86  295.91  474.00  345.73  345.34  328.56  245.04  130.47  135.02  120.67  123.49  150.13  191.75  179.16  294.66  203.79  310.24  223.69  273.48  149.68  191.91  140.56  160.73  152.31  237.83  199.58  279.66  199.71  278.73 
153.24  316.56  316.34  293.27  225.00  190.21  148.38  122.05  140.21  114.59  135.20  162.55  189.41  203.48  216.47  194.32  183.02  192.74  150.97  123.70  153.61  120.67  128.48  133.43  179.91  197.13  253.22  199.67  177.45  172.99  161.63  162.01  155.41  140.56  145.51  156.04  193.87  186.32  144.57  203.73  205.13 
314.33  251.20  277.18  373.30  367.18  493.35  554.96  469.54  523.16  375.79  353.75  253.33  285.59  256.40  353.63  338.30  422.49  442.22  520.00  491.55  366.70  401.60  382.01  366.44  346.37  316.94  375.74  411.53  429.09  400.03  531.50  406.90  457.42  469.11  359.45  391.10  382.41  381.43  385.29  368.31  382.42 
432.20  293.10  189.38  152.34  155.73  185.48  214.06  232.77  198.50  226.78  311.47  303.76  335.70  288.85  236.06  189.68  209.96  239.94  212.88  278.36  278.74  319.56  308.33  355.31  289.57  281.00  262.23  312.60  269.16  254.55  278.21  260.67  271.57  266.67  357.66  277.67  325.75  351.12  249.49  304.08  322.25 
367.09  643.35  728.05  793.98  627.24  429.89  341.08  259.08  235.40  209.25  230.33  348.14  401.97  559.76  556.58  559.38  470.53  370.94  315.79  321.49  250.86  232.55  244.63  326.68  434.73  462.71  572.12  545.07  498.06  377.99  406.04  248.34  331.30  301.52  287.84  334.39  366.78  360.59  431.92  440.57  441.68 
1771.42 956.74  733.98  458.29  271.79  276.29  212.43  233.32  171.94  228.54  793.59  1809.64 2009.51 1566.51 1152.13 644.84  519.30  357.46  307.75  225.98  373.13  514.72  939.66  1263.48 1196.01 1117.68 1057.67 800.63  680.73  524.57  555.76  414.83  427.55  697.27  807.91  1085.84 1004.71 1016.97 945.63  1015.95 946.24 
1349.90 1150.30 1152.22 958.28  890.95  895.75  836.15  772.64  856.68  851.74  936.46  867.58  1078.45 895.58  1103.15 910.51  1004.07 837.16  905.10  799.64  901.92  797.51  1042.07 854.72  907.28  1051.79 1062.17 893.78  989.60  881.66  964.69  857.93  790.41  875.65  959.19  997.78  939.25  979.08  938.08  993.20  1064.28
277.28  557.05  650.33  591.43  358.68  234.77  183.66  122.05  117.34  113.71  172.36  245.26  414.90  467.34  503.40  390.32  323.50  231.27  178.31  148.34  141.45  173.50  162.83  249.54  309.29  319.93  372.13  322.50  353.53  285.41  277.03  141.75  164.26  187.85  260.09  263.49  315.01  298.08  300.24  309.44  294.47 
77.47   58.52   54.41   54.72   35.76   54.97   39.93   49.24   59.84   37.53   57.31   44.19   56.44   73.05   65.38   58.21   48.84   44.50   50.06   49.78   55.21   53.98   61.16   66.00   71.95   73.61   63.10   54.34   76.99   58.06   57.30   64.64   96.94   82.61   56.50   50.72   59.31   60.10   76.71   103.54  55.64  
615.17  566.26  497.87  404.46  491.14  610.16  759.06  931.04  1123.79 1378.53 1455.06 1584.71 1357.28 1231.40 1003.07 813.90  617.56  748.54  769.23  983.26  1051.02 1248.12 1238.77 1355.73 1231.52 1091.72 1076.58 916.04  911.83  1037.07 1009.66 947.78  1278.29 1059.84 1335.14 1280.60 1216.70 1175.14 1245.34 1171.17 1105.48
386.73  452.30  448.04  366.93  291.84  313.42  274.31  253.05  270.08  273.24  332.95  264.42  385.00  400.32  412.42  404.25  346.80  300.63  320.61  251.86  289.83  282.27  300.83  305.21  322.70  395.82  405.47  334.04  399.01  426.48  400.12  338.19  339.05  351.30  337.07  294.84  397.07  357.75  389.40  396.41  481.02 
1644.01 1124.33 1119.59 1155.16 1041.03 1201.94 1110.28 1103.69 843.40  717.63  741.43  635.60  655.75  896.99  922.59  1119.52 1089.96 1343.83 1206.59 1150.25 955.91  822.37  716.72  790.31  762.91  1012.85 1071.18 1358.72 1162.00 1287.25 1139.86 1094.89 1000.61 961.11  839.24  881.37  830.82  888.15  1016.95 1133.70 1261.01
653.90  1118.46 1269.08 964.65  621.17  499.77  389.39  265.65  237.61  296.03  337.05  539.78  840.83  989.41  961.08  887.29  784.25  576.12  498.29  455.20  379.93  379.23  465.69  612.17  688.75  836.12  891.01  875.64  764.37  636.99  626.18  533.75  519.37  496.49  540.27  639.59  701.86  792.49  764.56  677.41  711.08 
488.32  889.71  1295.19 1327.96 1159.51 945.04  671.13  426.79  347.55  207.50  246.01  332.00  741.42  1080.42 1352.98 1213.34 1371.64 1178.15 921.99  660.39  446.79  405.33  488.17  455.51  620.91  856.09  1000.91 1041.34 948.51  862.93  849.88  609.51  585.75  523.87  551.01  580.64  611.01  658.00  794.05  924.96  879.58 
18769.37 18834.93 14212.44 11356.19 7998.81 8874.84 9157.81 13195.12 13435.79 17136.65 16050.94 20994.66 15331.37 13452.07 10067.20 9246.56 7746.36 8242.67 8308.93 9339.85 12012.25 13586.61 12871.21 13898.34 11550.32 12358.03 10603.76 10894.11 8779.40 10299.41 8805.88 10628.96 12392.05 12539.20 12714.05 11451.67 11503.60 11055.81 11402.80 11308.58 10906.04
11724.12 13639.73 14202.95 14948.22 15157.72 15292.27 13972.75 16439.82 14924.80 14017.99 11424.77 11731.47 11763.89 15042.27 15077.95 18336.89 16840.42 20788.11 18456.73 18418.59 14999.08 16110.00 14759.58 16694.43 13380.56 18823.88 18277.03 19287.76 16950.69 19083.43 15193.65 19427.47 19195.73 19704.27 17929.08 17091.65 17175.57 16676.20 17136.52 21494.16 17157.07
119.56  247.01  261.17  238.74  181.86  122.69  126.66  87.00   109.22  95.31   69.42   104.49  108.59  159.74  138.79  158.09  120.43  111.83  117.20  123.70  103.20  111.35  87.30   125.48  167.29  145.22  201.88  161.75  200.20  150.95  142.10  157.60  168.68  97.45   116.88  113.57  133.30  118.13  118.06  132.97  116.73 
44.99   43.84   33.19   34.37   35.89   34.33   36.52   44.99   43.47   41.73   44.60   62.48   64.31   80.06   55.79   95.89   73.14   103.19  69.16   67.10   44.52   58.17   54.57   83.50   66.53   107.53  98.51   127.95  97.51   116.96  91.23   96.90   107.90  89.54   79.62   85.18   66.54   83.13   120.79  123.49  78.27  
524.81  413.76  418.97  376.84  264.50  230.04  166.29  191.66  204.41  157.54  201.68  172.64  254.07  376.33  359.93  323.44  288.57  197.56  192.78  204.41  195.08  169.15  178.44  154.12  226.46  242.06  195.57  322.50  257.42  219.28  208.38  206.94  215.14  196.15  200.12  213.50  187.03  255.46  226.17  290.70  247.72 
1213.50 2113.09 2576.59 2155.15 1621.30 1342.71 1132.53 768.80  703.20  495.00  772.45  570.04  1211.80 1529.12 1799.47 1319.23 1415.31 1103.02 1028.11 752.81  822.91  680.04  797.90  722.71  975.91  1157.62 1343.23 1298.54 1529.56 1061.31 1296.09 879.07  924.28  895.56  900.11  946.29  1146.36 1125.89 1371.54 1302.30 1361.92
894.69  991.93  681.77  322.31  234.72  246.24  181.49  240.44  360.83  570.38  966.12  1144.95 1202.10 942.14  784.73  561.24  435.60  320.85  333.47  339.97  512.57  660.16  836.62  880.17  1002.73 818.15  797.33  615.97  672.66  523.47  517.29  466.80  614.51  646.66  909.06  847.79  822.03  760.29  865.38  684.10  785.15 
404.13  883.00  1197.89 825.14  562.83  291.48  186.92  127.54  140.95  109.33  126.67  277.54  440.76  679.70  695.15  501.79  374.46  288.10  240.21  174.84  224.40  125.64  168.45  312.36  366.88  536.59  532.48  535.18  493.65  389.01  336.21  262.43  251.65  250.08  268.15  274.69  351.15  407.95  415.46  448.60  381.50 
473.73  574.64  519.23  468.20  602.94  685.78  620.10  803.88  1086.89 1112.07 1367.77 1425.35 1185.94 1073.37 1082.85 743.31  1007.71 921.93  971.83  648.06  1209.76 912.49  967.76  673.41  856.00  746.26  905.43  639.05  1068.83 726.26  1126.84 762.79  1072.52 966.91  1156.12 855.25  1064.30 942.14  1032.73 999.89  1086.96
1714.17 2154.15 2482.26 2722.43 2312.76 2338.58 1808.91 1654.52 1784.91 1621.33 1805.91 1890.33 2067.71 2223.33 2667.26 2490.59 2539.88 2384.15 2179.41 1808.94 2166.52 1670.75 1793.92 1671.44 1879.20 2177.02 2358.46 1964.62 2351.97 2057.64 2458.95 2059.49 1955.34 2082.83 1926.82 1781.32 2039.26 2111.87 1897.59 2333.97 2558.06
955.87  798.37  746.44  650.21  578.63  621.97  672.21  558.88  599.16  602.81  509.57  511.54  587.86  664.88  686.05  678.28  661.24  671.48  671.14  710.30  558.34  614.16  586.84  638.41  633.53  742.27  674.81  764.35  705.68  754.92  639.20  681.75  678.68  657.45  676.33  685.11  615.90  668.42  689.80  907.57  720.34 
154.36  178.30  165.65  158.71  137.50  101.08  100.06  73.44   94.46   70.01   84.40   101.03  151.42  171.74  145.09  133.01  120.43  122.42  115.60  93.51   91.76   93.95   111.00  126.28  140.47  176.16  191.97  172.46  163.52  110.29  148.02  102.54  148.79  113.19  120.45  153.05  151.86  154.11  166.50  167.60  149.12 
314.33  251.20  277.18  373.30  367.18  493.35  554.96  469.54  523.16  375.79  353.75  253.33  285.59  256.40  353.63  338.30  422.49  442.22  520.00  491.55  366.70  401.60  382.01  366.44  346.37  316.94  375.74  411.53  429.09  400.03  531.50  406.90  457.42  469.11  359.45  391.10  382.41  381.43  385.29  368.31  382.42 
