2 class ACC F1 projected
2 0.841779329776 0.1172455202422 0.837474590078 0.1171117723312 0.837129874595 0.1153505112862 0.839314941034 0.134063352186
2 class ACC F1 projected
3 0.846043899377 0.1359351720513 0.842169820486 0.134983816793 0.840667645696 0.1290046662493 0.842615428307 0.153981065921
2 class ACC F1 projected
4 0.848165441012 0.146570999014 0.844106392837 0.1464771409264 0.842023152923 0.1380575832944 0.848366291497 0.160464318259
2 class ACC F1 projected
5 0.849405108889 0.1522942326325 0.849175298567 0.1504782370325 0.846264367816 0.136743089435 0.848715677922 0.161379879895
2 class ACC F1 projected
6 0.850447663035 0.1552815805576 0.849810546612 0.1541134533366 0.846690357682 0.1375264519646 0.847910407605 0.155428539685
2 class ACC F1 normal
2 0.86769745004 0.2793897022672 0.866886574593 0.2795998180112 0.851687330912 0.2141046979782 0.858602192727 0.221503821155
2 class ACC F1 normal
3 0.868364460488 0.2821655909823 0.869273425706 0.2909633917513 0.850624224624 0.2067033843673 0.854972871172 0.207346802647
2 class ACC F1 normal
4 0.864660403868 0.2577169830614 0.867468573906 0.2779813107594 0.848943619868 0.197032667984 0.856355469859 0.194971194961
2 class ACC F1 normal
5 0.861566372211 0.2367722731685 0.867817960331 0.2557490438545 0.851200618806 0.183756508185 0.854888794224 0.186710024766
2 class ACC F1 normal
6 0.858983341554 0.2194582098256 0.865706694767 0.240538840086 0.850591528033 0.1767227017836 0.852682241454 0.174084031518
