YAL040C M -0.73 -0.05 -0.31 0.43 0.1 0.12 -0.4 -0.42 0.07 0.19 -0.21 0.48 0.47 0.25
YAR007C G1 -0.83 -0.16 -0.69 -0.24 0.2 0.51 0.54 0.45 0.35 0.25 -0.38 0.24 -0.09 -0.14
YAR018C M -0.68 -0.56 -0.59 -0.27 -0.36 -0.71 -0.29 0.21 0.59 0.71 0.19 0.75 0.46 0.54
YBL002W S -1.63 -1.22 -1.11 -0.58 0.11 0.72 1.18 0.89 0.87 0.42 0.54 0.59 -0.13 -0.65
YBL003C S -1.63 -0.68 0.04 -0.94 -0.34 0.43 0.55 1.03 0.81 0.54 0.39 0.45 -0.06 -0.59
YBL035C G1 -0.59 -0.72 -0.3 0.25 0.79 0.7 0.59 0.36 0.12 0.31 -0.2 -0.47 -0.59 -0.24
YBR009C S -1.51 -1.64 -1.33 -0.83 0.14 0.46 1.21 1.25 1.07 0.68 0.34 0.69 0.11 -0.64
YBR010W S -0.56 -1.52 -1.38 -0.63 -0.1 0.92 0.87 0.88 0.84 0.58 0.05 0.6 -0.14 -0.4
YBR054W M 0.24 -0.28 0.22 0.19 -0.43 -0.65 -0.76 -0.16 0.09 0.15 -0.45 0.39 0.88 0.57
YBR067C M/G1 0.14 0.78 0.51 -0.08 -0.39 -0.7 -0.73 -0.37 0.15 -0.14 -0.29 0.39 0.48 0.27
YBR083W M/G1 -0.72 -0.55 0.09 0.31 0.11 -0.31 -0.31 -0.25 0.39 0.21 -0.16 0.62 0.42 0.14
YBR088C G1 -1.8 -1.43 -0.56 0.26 0.96 0.86 1.03 0.7 0.45 0.26 0.26 -0.21 -0.49 -0.3
YCL027W M/G1 -0.23 0.03 0.19 0.16 0.29 0.43 0.21 0.01 -0.47 -0.04 0.19 -0.17 -0.57 -0.02
YCL055W M/G1 0.13 -0.29 0.08 0.45 0.3 0.42 0.16 0.26 -0.21 -0.1 -0.14 -0.54 -0.27 -0.16
YDL003W G1 -0.89 -1.54 -0.92 0.37 0.89 1.14 0.89 0.83 -0.03 -0.01 0.19 -0.35 -0.65 0.06
YDL102W G1 -1.54 -0.41 0.07 0.07 0.18 0.49 0.36 0.25 0.14 0.3 0.2 -0.13 -0.16 0.18
YDL127W G1 -0.71 0.26 0.19 -0.05 -0.18 0.08 -0.18 0.16 0.07 0.35 -0.18 0.22 -0.39 0.35
YDL155W G2 -0.23 -0.38 -0.17 0.05 0.3 0.42 0.47 0.39 -0.2 -0.07 0.16 -0.14 -0.61 0.03
YDL164C G1 -1.21 -0.6 -0.15 -0.32 0.29 0.49 0.14 0.47 0.19 0.39 0.32 0.04 -0.42 0.37
YDL179W M/G1 0.17 -0.57 -0.36 0.06 -0.05 -0.63 -0.46 -0.18 -0.09 0.15 0.39 0.29 0.61 0.69
YDL197C G1 -0.24 -0.42 -0.36 0.25 0.08 0.34 0.39 0.55 -0.15 -0.07 -0.24 -0.21 0.01 0.08
YDL227C G1 0.03 -0.18 0.09 0.02 -0.04 0.08 0.19 0.01 -0.18 -0.01 -0.14 0.01 -0.34 0.55
YDR033W M -0.59 -0.22 0.19 -0.07 -0.27 -0.78 -0.52 -0.4 0.33 0.33 0.67 0.61 0.4 0.3
YDR077W M 0.08 0.29 0.47 0.14 -0.33 -0.37 -0.14 0.1 -0.15 0.04 -0.69 0.13 0.24 0.17
YDR097C G1 -1.3 -0.84 -0.58 0.13 0.53 0.9 0.69 0.52 0.12 0.25 0.16 -0.26 -0.37 0.05
YDR113C G1 -0.48 -0.74 -0.25 -0.43 0.29 0.4 0.68 0.64 0.32 -0.06 0.13 0.01 -0.21 -0.3
YDR146C M -1.33 -0.93 0.83 -0.73 -0.78 -0.85 -0.07 0.51 0.64 0.6 0.58 0.62 0.61 0.29
YDR150W G2 -0.47 -0.05 -0.88 -0.04 -0.17 -0.35 1.08 -0.18 0.29 0.51 -0.1 0.39 -0.27 0.23
YDR224C S -1.15 -1.4 -1.05 -0.8 -0.02 0.56 0.61 1.1 0.74 0.64 0.68 0.46 0.1 -0.48
YDR225W S -0.97 -1.08 -1.04 -0.91 -0.23 0.58 1.0 0.84 0.87 0.47 0.55 0.76 -0.08 -0.78
YDR309C G1 -1.09 -1.7 0.07 0.47 0.68 0.81 0.63 0.43 -0.25 0.6 0.1 -0.25 -0.7 0.2
YDR356W G1 0.55 -0.22 -0.02 0.03 0.3 -0.2 -0.02 0.21 0.16 -0.22 -0.18 -0.07 -0.14 -0.18
YER001W G1 -1.14 -0.14 0.07 -0.3 0.45 0.68 0.74 0.34 0.03 0.44 0.53 -0.43 -1.05 -0.19
YER011W G2 -0.17 -0.21 0.01 -0.19 -0.15 -0.23 -0.15 0.22 0.29 0.34 0.01 0.62 0.01 -0.39
YER070W G1 -2.01 -1.65 0.35 0.06 0.41 0.99 0.82 0.74 0.31 0.85 0.2 -0.43 -0.85 0.2
YER095W G1 -1.51 -0.65 0.4 -0.4 0.01 0.52 0.46 0.66 0.19 0.19 0.18 -0.19 -0.01 0.16
YER111C M/G1 -0.7 0.04 0.02 0.3 0.32 0.04 -0.08 0.08 -0.08 -0.15 -0.08 0.1 0.1 0.1
YFL009W M/G1 0.04 -0.02 -0.11 -0.05 -0.31 -0.28 -0.24 0.1 0.19 0.29 -0.11 0.36 -0.05 0.18
YFL026W M -1.25 -0.08 0.17 0.63 0.5 0.43 0.06 -0.2 -0.08 0.04 0.37 -0.05 -0.36 -0.17
YGL116W M -0.74 -0.74 -0.16 -0.43 -0.5 -0.34 -0.36 0.14 0.43 0.7 0.83 0.58 0.26 0.35
YGL163C G1 0.63 0.34 0.29 0.22 -0.06 0.17 0.09 -0.06 -0.29 -0.19 -0.21 -0.29 -0.48 -0.17
YGR044C G1 1.12 0.02 0.41 -0.04 -0.64 -0.64 -0.89 -0.61 -0.4 -0.57 -0.04 0.49 0.96 0.84
YGR092W M -1.37 -0.7 -0.52 -0.27 -0.4 -0.13 0.02 0.17 0.31 0.47 0.61 0.86 0.42 0.51
YGR108W M -1.78 -1.63 -1.7 -1.7 -0.7 -0.03 0.56 0.92 1.02 1.08 1.45 1.0 0.99 0.53
YGR109C G1 -0.9 -0.94 0.49 -0.27 0.45 0.42 0.58 0.53 0.02 0.33 0.54 -0.55 -0.77 0.08
YHR152W M -0.24 -0.36 -0.09 -0.11 -0.01 -0.05 -0.06 -0.02 0.06 -0.05 0.4 0.43 0.05 0.04
YIL066C G1 -1.19 -0.72 -0.46 0.1 0.41 0.76 0.63 0.42 0.21 0.56 0.16 -0.27 -0.46 -0.13
YIL106W M -0.17 -0.27 -0.12 -0.38 -0.38 -0.46 -0.35 -0.16 0.35 0.34 0.11 0.48 0.57 0.44
YJL092W S -0.87 -0.21 -0.95 -0.37 -0.3 0.32 0.33 0.59 0.54 0.54 0.35 0.06 -0.05 0.03
YJL115W G1 -0.66 -0.39 0.05 0.24 0.39 0.51 0.18 0.09 -0.11 0.05 -0.01 -0.22 -0.17 0.07
YJL157C M -1.77 0.05 0.0 0.1 -0.02 -0.27 -0.31 -0.1 0.26 0.03 0.29 0.75 0.65 0.32
YJL173C G1 -0.34 -0.09 -0.38 0.01 0.04 0.28 0.24 0.37 0.06 -0.21 0.14 0.04 -0.13 -0.05
YJL187C G1 -0.51 -0.4 -0.29 -0.12 0.15 0.47 0.48 0.35 -0.01 0.05 0.15 0.14 -0.31 -0.14
YJL194W M/G1 -0.73 -0.85 -0.23 -0.21 0.72 0.43 0.01 -0.17 -0.14 0.06 0.38 0.47 -0.16 0.44
YKL042W G1 -0.29 -0.59 -0.29 -0.13 0.17 0.29 0.12 0.36 0.06 -0.02 0.12 0.2 0.16 -0.15
YKL045W G1 -1.04 -0.7 0.3 0.21 0.09 0.41 0.53 0.65 0.1 0.39 -0.02 -0.12 -0.36 0.07
YKL096W G2 -1.11 0.2 -0.29 -0.9 -0.76 -0.5 0.04 0.52 0.68 0.31 0.18 0.74 0.64 0.25
YKL096W-A G2 -0.97 -0.76 -0.74 -0.9 -0.34 -0.01 0.3 0.53 0.77 0.37 0.45 0.63 0.4 0.25
YKL101W G1 -0.21 -0.13 -0.28 -0.07 -0.07 -0.35 0.03 -0.09 0.53 0.19 -0.07 0.44 0.07 -0.01
YKL113C G1 -1.25 -0.74 -0.38 -0.03 0.68 0.7 0.55 0.29 0.19 0.16 0.11 -0.04 -0.17 -0.06
YKL185W M/G1 0.84 -0.51 -0.31 -0.04 -0.31 -0.49 -0.58 -0.63 -0.4 -0.22 0.41 0.79 0.91 0.54
YKL194C M -0.79 -0.46 0.58 -0.53 0.07 -0.15 -0.03 0.26 0.06 0.06 0.31 0.18 0.11 0.33
YLR103C G1 -0.8 -0.51 -0.23 0.34 0.59 0.77 0.69 0.47 -0.07 0.06 0.01 -0.59 -0.59 -0.14
YLR131C M -0.9 -1.0 -0.9 -1.15 -0.6 -0.37 -0.32 0.52 0.72 0.89 0.86 0.93 0.9 0.42
YLR210W G2 0.16 -0.46 -0.19 0.1 0.19 0.25 0.29 0.21 0.22 0.01 0.3 -0.29 -0.48 -0.31
YLR286C G1 2.49 1.05 0.32 -1.36 -1.42 -1.7 -2.04 -1.55 -1.19 -0.3 0.4 1.12 1.91 2.25
YLR342W G1 -0.5 -0.72 -0.98 -0.4 0.02 0.38 0.6 0.4 0.55 0.57 -0.06 0.15 -0.28 0.27
YLR452C M/G1 -0.29 -0.27 0.16 0.19 0.55 0.4 0.24 -0.05 -0.35 -0.18 0.4 -0.27 -0.48 -0.07
YMR001C M -1.1 -0.98 -1.42 -0.9 -0.8 -0.39 -0.12 0.77 0.79 1.15 0.67 1.08 0.87 0.37
YMR198W G2 -0.72 -0.51 -0.69 -0.24 0.12 0.31 0.44 0.7 0.67 0.43 0.39 -0.28 -0.51 -0.1
YMR199W G1 -0.51 -2.07 -0.96 -0.29 0.23 0.65 0.48 0.54 0.59 0.53 0.24 0.27 -0.03 0.3
YMR307W G1 -2.75 -1.81 -0.84 0.14 0.85 0.82 1.04 0.96 0.42 0.56 0.62 0.37 -0.29 -0.09
YNL030W S -1.42 -1.38 -1.46 -0.77 -0.07 0.73 1.07 1.23 0.94 0.65 0.66 0.61 -0.01 -0.79
YNL031C S -0.65 -1.28 -0.42 -0.52 0.03 0.56 0.77 1.05 0.55 0.23 0.27 0.07 -0.09 -0.57
YNL082W G1 -0.45 -0.47 -0.01 0.03 0.43 0.62 0.37 0.3 -0.35 -0.03 0.08 -0.01 -0.4 -0.13
YNL102W G1 -0.21 -0.52 0.21 0.19 0.52 0.27 0.49 0.06 0.11 0.42 -0.29 -0.21 -0.92 -0.11
YNL145W M -0.88 -0.41 -0.02 0.46 0.44 0.22 -0.09 -0.48 0.02 0.28 0.07 0.4 -0.05 0.05
YNL192W M/G1 0.9 -1.55 -0.94 -0.76 -0.46 -0.41 -0.36 -0.31 0.15 0.55 0.19 1.33 1.19 0.47
YNL262W G1 -1.01 -0.66 -0.43 0.14 0.58 0.72 0.54 -0.19 0.25 0.25 0.25 -0.01 -0.43 0.0
YNL289W G1 -0.23 -0.58 -0.47 -0.14 0.22 0.27 0.04 0.26 0.07 0.1 0.0 0.11 0.21 0.16
YNL312W G1 -0.94 -0.21 -0.19 -0.15 0.4 0.4 0.57 0.48 0.14 0.16 -0.03 -0.12 -0.45 -0.07
YNL327W M/G1 0.92 -1.7 0.68 -1.35 -1.29 -1.35 -0.83 -1.06 0.15 0.92 0.83 2.16 2.03 1.9
YNR044W M/G1 -1.0 -0.5 -0.07 -0.05 0.11 0.64 0.41 0.42 0.13 0.17 0.0 -0.12 -0.1 -0.03
YOL090W G1 -1.16 -0.97 -0.42 0.05 0.32 0.66 0.6 0.23 0.58 0.33 0.13 -0.08 -0.28 0.03
YOR058C M 0.42 0.2 -0.02 0.42 0.52 -0.02 0.35 -0.41 -0.02 -0.02 0.03 -0.48 -0.51 -0.26
YOR074C G1 -1.76 -0.91 -0.03 -0.43 0.27 0.48 0.21 0.84 0.42 0.43 0.67 0.14 -0.55 0.21
YPL153C G1 -0.94 -0.36 -0.4 0.16 0.6 0.77 0.61 0.25 -0.01 0.28 0.15 -0.15 -0.8 -0.13
YPL256C G1 -1.77 -1.77 0.17 0.0 0.4 0.68 0.57 0.6 0.27 0.6 0.4 -0.3 -0.55 0.68
YPR119W M -1.75 -1.29 0.25 -1.29 -1.18 -0.55 0.63 0.54 0.37 0.95 1.08 0.79 0.85 0.61
YPR120C G1 -0.31 -0.52 -0.29 0.33 0.46 0.41 0.25 0.4 -0.12 0.1 0.04 -0.18 -0.26 -0.31
YPR141C G1 -0.47 -0.73 0.01 -0.21 0.19 0.43 0.33 0.33 0.28 0.38 0.09 0.1 -0.5 -0.23
YPR159W S -0.37 -0.57 -0.16 -0.01 -0.05 0.04 0.14 0.54 0.57 0.22 -0.35 0.17 -0.1 -0.07
YPR175W G1 -0.75 -0.5 -0.61 0.12 0.73 0.97 0.54 0.32 0.02 0.2 0.11 -0.29 -0.64 -0.21
