YAL040C M 1.04 0.19 0.47 -1.03 -0.63 -0.68 0.1 -0.02 0.53 0.68 0.51 -0.2 -0.34 -0.59 -0.31 -0.25 0.11 0.44
YAR007C G1 -0.48 -0.42 0.87 0.92 0.67 -0.18 -0.35 -1.06 -0.81 -0.18 0.53 0.8 0.45 0.16 -0.09 -0.35 -0.11 -0.35
YAR018C M -0.46 0.12 -0.06 -0.76 -0.7 -0.79 -0.2 -0.06 0.82 0.36 0.68 -0.13 0.2 -0.32 0.04 0.57 0.17 0.53
YBL002W S -2.06 -1.98 -1.64 -0.21 1.21 0.69 0.85 0.43 -0.32 -0.77 -1.1 -0.02 0.88 1.3 1.29 1.29 0.16 0.0
YBL003C S -1.61 -2.55 -1.09 -0.55 0.98 1.14 0.9 0.43 -0.41 -0.38 -1.18 -0.16 0.77 1.27 1.17 1.3 0.05 -0.09
YBL035C G1 -0.39 -0.58 1.08 1.21 0.52 -0.33 -0.58 -0.08 -1.02 0.51 0.11 0.34 0.39 0.1 -0.47 -0.05 -0.53 -0.24
YBR009C S -2.36 -2.71 -1.46 -0.16 1.51 1.65 0.68 0.41 -0.31 -0.33 -0.74 -0.01 0.97 1.01 1.36 0.67 0.08 -0.26
YBR010W S -1.81 -1.94 -1.33 0.01 1.51 0.91 0.69 0.11 -0.4 -0.78 -1.12 -0.09 0.96 1.32 1.24 0.57 0.35 -0.2
YBR054W M -1.35 -1.1 -0.39 -1.42 -1.22 -1.84 -0.49 0.37 1.21 1.54 1.39 1.12 0.3 0.21 -0.32 0.21 0.65 1.13
YBR067C M/G1 1.57 1.03 1.22 0.31 0.16 -0.49 -1.02 -1.08 -0.8 -0.18 0.1 0.27 0.39 -0.05 -0.42 0.16 -1.08 -0.08
YBR083W M/G1 0.75 0.29 -0.57 -0.03 -0.57 -0.97 -0.49 -0.54 -0.17 0.35 0.91 0.48 0.11 0.01 0.32 -0.36 0.12 0.34
YBR088C G1 -1.15 -0.86 1.21 1.62 1.12 0.16 -0.44 -0.93 -1.23 -0.62 0.62 1.3 1.08 0.27 0.04 -0.51 -0.8 -0.89
YCL027W M/G1 2.47 0.3 -0.43 -0.12 -0.55 -0.19 -0.51 -0.22 -1.06 -0.11 0.42 0.23 0.08 -0.12 -0.59 0.54 -0.22 0.08
YCL055W M/G1 2.95 0.45 -0.4 -0.66 -0.59 -0.38 -0.76 -0.57 -0.47 -0.38 0.4 0.36 0.22 0.13 -0.09 0.21 -0.32 -0.09
YDL003W G1 -1.22 -0.74 1.34 1.5 0.63 0.29 -0.55 -0.65 -0.76 -0.88 0.69 1.25 0.62 -0.01 -0.36 -0.04 -0.55 -0.55
YDL102W G1 -0.58 -0.4 0.13 0.58 -0.09 0.02 -0.45 -0.34 0.1 0.12 0.79 0.44 0.2 0.02 -0.27 0.2 -0.36 -0.12
YDL127W G1 1.83 -0.5 -0.24 -0.26 -0.26 0.1 -0.32 -1.03 -0.83 0.64 0.92 0.74 0.46 0.14 -0.22 -0.5 -0.28 -0.39
YDL155W G2 -0.74 -0.33 -0.11 0.19 0.19 0.31 -0.29 0.29 0.09 -0.14 0.0 0.19 0.06 -0.01 -0.1 0.43 -0.01 -0.01
YDL164C G1 -0.5 -0.42 0.66 1.05 0.68 0.06 0.01 -0.72 -0.72 -0.28 0.23 0.85 0.72 -0.08 -0.13 -0.48 -0.44 -0.48
YDL179W M/G1 -0.99 -0.24 -0.74 -0.44 -0.67 -0.01 -0.95 -0.39 -0.44 1.14 1.99 0.87 0.36 0.28 -0.07 0.16 -0.05 0.2
YDL197C G1 -0.86 -0.29 0.42 0.46 0.3 0.1 -0.63 -0.09 -0.31 -0.45 0.64 0.39 0.12 0.14 0.02 0.44 -0.23 -0.15
YDL227C G1 -0.16 0.01 0.17 -0.28 -0.02 -0.55 -0.04 0.18 0.4 -0.2 0.38 0.17 0.21 0.14 0.1 0.01 -0.43 0.1
YDR033W M -1.49 -1.38 -1.27 -1.96 -1.49 -1.85 0.07 0.53 1.61 1.59 1.58 0.85 0.75 -0.23 -0.17 -0.23 0.57 1.16
YDR077W M -0.02 0.06 0.38 0.33 0.01 -0.4 -0.64 -0.05 0.5 0.02 0.81 0.08 -0.13 -0.46 -0.33 0.04 -0.28 0.07
YDR097C G1 -0.72 -0.85 0.54 1.04 0.84 0.24 -0.64 -0.83 -0.36 -0.7 0.99 1.08 0.64 0.18 -0.05 0.03 -0.76 -0.66
YDR113C G1 -0.78 -0.52 0.26 0.2 0.48 0.48 0.27 0.01 -0.29 -0.61 -0.29 0.04 0.31 0.17 0.35 -0.02 0.07 -0.11
YDR146C M -1.29 -0.7 -0.33 -0.88 -0.19 0.05 0.02 0.68 0.75 0.64 0.42 -0.07 -0.79 -0.49 -0.19 0.73 0.64 0.51
YDR150W G2 -0.44 -0.76 -0.7 -0.65 -0.14 -0.1 0.44 0.22 0.42 0.15 0.13 0.06 0.11 0.15 0.21 0.3 0.41 0.18
YDR224C S -1.51 -1.57 -1.35 0.04 1.3 1.15 0.94 -0.08 -0.13 -0.72 -0.75 -0.26 0.98 0.94 1.09 0.31 0.07 -0.43
YDR225W S -1.46 -2.3 -1.41 -0.27 1.4 1.18 1.11 0.08 -0.18 -0.82 -0.9 -0.46 0.98 1.15 1.47 0.58 0.18 -0.35
YDR309C G1 0.6 -0.55 0.41 0.45 0.18 -0.66 -1.02 -0.98 -0.4 -0.23 1.59 0.67 0.72 -0.23 0.6 -0.09 -0.71 -0.34
YDR356W G1 -0.2 -0.67 0.13 0.1 0.38 0.44 0.05 -0.28 -0.26 0.1 -0.11 0.16 0.0 -0.03 0.17 0.1 0.1 -0.2
YER001W G1 -2.29 -0.76 0.77 1.6 0.53 0.55 -0.38 -0.54 -1.08 -0.94 0.07 1.35 1.02 1.0 0.2 -0.04 -0.97 -0.87
YER011W G2 -0.4 -0.52 -0.69 0.85 -0.13 -0.55 0.22 -0.31 0.14 -0.13 -0.18 -0.28 0.33 0.12 0.57 0.29 0.59 0.08
YER070W G1 -1.46 -0.76 1.08 1.5 0.74 0.47 -0.7 -0.68 -1.03 -0.55 0.35 1.24 0.73 0.2 0.0 0.11 -0.53 -0.72
YER095W G1 -0.57 0.42 1.03 1.35 0.64 0.42 -0.4 -0.9 -0.73 -0.47 0.2 0.78 0.28 -0.05 -0.11 -0.13 -0.87 -0.9
YER111C M/G1 -1.21 -0.26 1.36 1.37 0.54 0.18 -0.85 -0.82 -0.75 0.07 0.89 0.78 0.37 -0.19 -0.11 -0.54 -0.34 -0.47
YFL009W M/G1 -0.09 0.06 -0.04 0.01 -0.02 -0.13 0.18 -0.26 -0.06 -0.01 -0.11 0.09 0.28 -0.14 0.09 -0.06 0.18 0.01
YFL026W M 2.19 1.44 0.13 -0.63 -0.84 -1.06 -0.93 -0.77 -0.13 0.26 0.37 0.07 0.03 -0.7 -0.47 -0.63 0.39 0.43
YGL116W M -0.19 -0.19 -0.49 -0.77 -0.31 -0.61 -0.03 0.48 0.93 0.53 0.11 0.17 -0.51 -0.4 0.08 -0.12 0.56 0.74
YGL163C G1 -0.11 0.13 0.41 0.6 0.23 0.31 0.19 0.16 -0.55 -0.34 0.05 0.23 0.25 0.08 -0.11 -0.23 -1.1 -0.19
YGR044C G1 0.1 -0.01 -0.12 -0.45 -0.88 -0.57 -1.34 2.22 -1.09 -0.12 0.77 0.89 0.6 0.33 0.07 0.17 -0.21 -0.38
YGR092W M 0.17 0.02 -0.03 -0.67 -0.85 -0.55 -0.55 0.52 1.04 0.32 0.84 0.17 -0.25 -0.4 -0.12 0.15 0.18 0.18
YGR108W M -1.88 -0.95 -1.22 -1.1 -0.91 -0.06 0.5 1.2 1.11 0.22 0.47 -0.02 -0.12 -0.12 0.42 0.98 0.7 0.78
YGR109C G1 -1.79 0.17 2.13 1.75 0.23 0.15 -0.66 -0.77 -0.73 -0.15 1.14 1.41 0.46 -0.21 -0.77 -0.56 -1.04 -0.58
YHR152W M 0.52 0.08 -0.36 -0.27 -0.52 -0.22 -0.13 0.27 0.69 0.29 0.09 -0.01 -0.06 -0.56 -0.39 -0.24 0.51 0.39
YIL066C G1 -1.09 -0.14 0.82 1.05 0.9 0.34 -0.21 -0.55 -0.68 -0.84 0.4 0.9 0.75 0.18 0.23 -0.07 -1.12 -0.66
YIL106W M -0.23 -0.45 -0.66 -0.86 -0.44 -0.25 0.59 0.28 0.71 0.32 -0.14 -0.25 -0.03 -0.36 0.03 0.13 0.74 0.44
YJL092W S -1.17 -0.68 -0.68 0.03 0.33 0.5 0.13 0.1 -0.05 0.05 -0.21 0.32 0.15 0.08 0.38 0.68 0.01 0.03
YJL115W G1 -0.44 0.37 0.5 1.32 0.46 0.18 -0.57 -0.53 -0.17 -0.06 0.23 0.46 0.24 -0.22 -0.44 -0.25 -0.53 -0.55
YJL157C M 2.12 0.13 -0.85 -1.41 -0.66 -0.97 -0.66 -0.73 -0.25 0.85 1.17 0.53 0.09 0.01 -0.27 -0.03 0.23 0.7
YJL173C G1 -0.56 -0.56 -0.04 0.34 0.58 0.31 0.52 0.14 -0.23 -0.47 -0.11 -0.13 0.4 -0.14 0.42 -0.21 0.34 -0.59
YJL187C G1 -0.89 -0.59 0.01 0.56 0.44 -0.06 -0.14 -0.19 -0.4 -0.68 0.28 0.65 0.63 0.26 0.34 0.2 -0.12 -0.44
YJL194W M/G1 -1.53 -0.12 0.55 -0.01 -0.58 -0.22 0.16 -0.09 -0.16 1.02 0.88 0.46 0.1 -0.39 -0.37 -0.24 0.07 0.47
YKL042W G1 -0.33 -0.27 0.24 0.18 0.3 -0.12 -0.44 0.19 -0.39 -0.61 0.95 0.24 0.19 -0.2 0.28 0.36 -0.57 -0.57
YKL045W G1 -0.8 0.01 0.86 0.84 0.51 0.14 -0.4 -0.64 -0.8 0.41 0.88 0.75 0.46 -0.27 -0.1 -0.23 -0.42 -1.21
YKL096W G2 -1.1 0.26 0.24 -0.26 0.03 0.7 1.6 0.72 -0.15 1.41 -2.07 -2.13 -0.78 -0.45 0.82 0.5 0.89 -0.23
YKL096W-A G2 -0.12 -0.59 -0.32 -0.43 0.18 -0.41 0.6 -0.03 0.16 -0.36 -0.43 -0.66 0.27 -0.1 0.96 0.18 0.92 0.18
YKL101W G1 -0.28 -0.43 -0.02 0.38 0.8 -0.02 0.17 -0.16 -0.58 -0.43 -0.22 0.53 0.69 0.08 0.05 -0.15 -0.11 -0.28
YKL113C G1 -0.9 -0.23 0.51 1.01 0.52 0.18 -0.33 -0.56 -0.64 -0.49 0.46 0.77 0.72 -0.04 0.04 -0.03 -0.67 -0.33
YKL185W M/G1 0.2 -0.61 0.13 -0.85 -0.99 -1.14 -1.5 -1.14 0.11 2.09 2.18 1.21 0.47 0.09 -0.37 -0.28 -0.5 0.9
YKL194C M 0.29 0.44 0.28 0.29 0.1 0.12 -0.03 0.02 0.06 -0.43 -0.11 0.07 -0.03 -0.52 -0.55 -0.17 0.02 0.13
YLR103C G1 -0.63 -0.19 0.91 0.75 0.49 0.08 -0.29 -0.33 -0.46 -0.33 0.41 0.6 0.34 -0.14 -0.24 -0.14 -0.44 -0.37
YLR131C M -1.54 -0.14 -1.05 -1.16 -0.69 0.08 0.61 0.76 0.75 0.44 -0.24 -0.3 0.76 -0.22 0.17 0.37 0.93 0.45
YLR210W G2 0.05 0.01 -0.27 0.23 0.36 0.38 0.36 -0.03 -0.11 -0.09 -0.42 -0.08 -0.14 0.22 0.17 0.11 -0.79 0.04
YLR286C G1 1.18 0.92 0.5 -0.17 -1.17 -1.43 -1.58 -2.17 -2.17 -1.75 0.06 1.4 1.88 1.31 1.52 0.95 0.57 0.16
YLR342W G1 -0.24 -0.43 -0.01 0.35 0.62 0.15 0.38 -0.59 -0.15 -0.79 -0.43 -0.1 -0.05 0.33 0.39 0.81 0.22 -0.43
YLR452C M/G1 2.41 1.46 -0.46 -0.65 -0.91 -0.24 -0.77 -0.65 -0.68 0.02 -0.24 0.24 0.09 0.02 -0.18 -0.14 0.11 0.58
YMR001C M -0.99 -1.19 -1.33 -1.59 -0.74 0.05 1.01 0.83 1.22 0.7 0.16 -0.21 -0.53 -0.21 0.32 0.7 1.11 0.7
YMR198W G2 2.17 -0.1 -0.84 -0.7 -0.04 0.29 0.26 -0.08 -0.04 -0.07 -0.66 -0.52 -0.17 0.12 0.17 0.08 0.26 -0.14
YMR199W G1 -1.56 -0.93 1.29 1.11 0.94 0.48 0.07 -0.54 -1.11 -0.77 0.66 1.14 0.99 0.3 0.35 -0.02 -0.41 -0.88
YMR307W G1 -1.12 -1.64 -0.41 -0.1 0.44 0.36 0.44 0.15 0.01 -0.64 0.01 0.23 0.54 0.8 0.9 0.88 -0.25 -0.6
YNL030W S -2.25 -1.97 -1.74 0.26 1.26 1.4 0.95 0.22 -0.15 -0.97 -0.74 -0.08 1.14 0.96 1.4 0.55 0.11 -0.33
YNL031C S -1.71 -1.35 -1.46 0.11 0.94 1.36 0.73 -0.06 -0.25 -0.71 -0.93 0.0 0.9 1.12 1.07 0.29 0.24 -0.27
YNL082W G1 -0.61 -0.1 0.66 0.97 0.21 -0.17 -0.38 -0.44 -0.59 -0.23 0.61 0.68 0.41 -0.33 -0.35 0.42 -0.38 -0.38
YNL102W G1 -0.75 2.01 0.06 0.86 0.5 -0.3 -0.35 -0.33 -0.22 -0.77 0.15 0.6 0.59 -0.04 0.07 -0.66 -0.82 -0.6
YNL145W M 2.06 1.36 0.59 -0.8 -0.76 -1.8 -1.03 -1.3 0.12 0.87 1.17 0.34 0.44 -0.76 -0.36 -0.98 0.33 0.49
YNL192W M/G1 2.04 0.88 -0.03 -0.6 -0.36 -0.68 -0.53 -1.26 -1.3 0.62 1.38 0.93 0.37 -0.4 -0.28 -0.46 -0.49 0.16
YNL262W G1 0.84 -0.52 0.48 0.58 0.87 0.23 -0.19 -0.65 -0.44 -0.5 0.02 0.32 0.43 0.08 0.04 -0.56 -0.33 -0.72
YNL289W G1 0.04 0.62 0.44 0.13 0.18 -0.07 0.09 -0.33 0.1 -0.15 -0.04 -0.2 0.03 -0.4 0.1 -0.55 0.27 -0.24
YNL312W G1 -0.64 -0.73 0.53 1.01 0.83 0.82 0.09 -0.42 -0.73 -0.5 0.11 0.28 0.58 -0.1 0.11 -0.57 -0.17 -0.48
YNL327W M/G1 -1.46 -1.3 -1.14 -1.21 -1.29 -1.66 -1.88 -1.46 -2.14 1.6 2.71 2.71 1.93 1.38 0.82 0.71 -0.38 0.93
YNR044W M/G1 4.44 3.07 1.8 -0.63 -0.71 -1.24 -0.82 -1.35 -1.26 -0.99 -0.48 -0.12 -0.25 -0.39 -0.53 -0.52 -0.38 -0.03
YOL090W G1 -0.61 -0.66 0.56 0.92 1.06 0.09 0.01 -0.73 -0.75 -0.49 0.05 0.7 0.7 -0.13 0.09 -0.23 -0.39 -0.21
YOR058C M -0.72 0.43 0.11 0.48 -0.13 -0.32 0.0 -0.02 1.1 -0.16 0.21 -0.26 -0.11 -0.53 0.54 -0.35 -0.26 -0.02
YOR074C G1 -1.14 -0.31 0.57 1.08 1.17 0.57 0.31 -0.74 -0.68 -0.1 -0.38 0.75 0.73 0.09 -0.27 -0.22 -0.62 -0.8
YPL153C G1 -0.59 0.14 1.13 1.2 0.63 -0.04 -0.42 -0.61 -0.96 -0.4 0.36 0.72 0.3 -0.01 0.1 -0.54 -0.46 -0.57
YPL256C G1 -1.41 -0.69 1.39 1.98 0.74 0.21 -0.36 -1.32 -1.5 -1.07 0.35 1.57 1.1 0.56 0.18 -0.32 -0.38 -1.04
YPR119W M -2.36 -2.16 -1.96 -2.29 -1.36 0.4 1.09 1.54 1.5 0.92 0.05 -0.23 -0.42 -0.29 0.12 0.73 1.35 1.2
YPR120C G1 -0.98 -0.38 0.92 0.97 0.26 -0.09 -0.18 -0.4 -0.35 -0.33 0.7 0.61 0.31 -0.23 0.1 -0.2 -0.21 -0.5
YPR141C G1 1.87 -0.59 -0.26 0.05 0.18 0.26 0.43 -0.4 -0.34 -0.45 -0.88 0.02 0.19 0.27 0.35 0.27 -0.3 -0.4
YPR159W S 0.17 0.16 0.17 0.38 0.47 -0.07 0.04 -0.13 -0.3 -0.31 -0.1 -0.22 -0.03 -0.27 0.2 0.0 -0.23 -0.06
YPR175W G1 -0.41 -0.57 1.15 0.69 0.61 0.0 -0.22 -0.5 -0.43 -0.33 0.22 0.64 0.42 -0.09 -0.03 -0.5 -0.08 -0.57
