YAL040C M -0.05 -0.15 -0.58 -0.58 0.18 -0.67 0.29 0.2 0.02 1.32 0.27 -0.07 -0.41 -0.05 0.17 0.14 -0.11
YAR007C G1 -0.65 0.01 1.52 0.48 -0.34 -0.71 -0.58 -0.94 -0.6 0.78 0.97 0.88 0.61 0.12 -0.36 -0.71 -0.33
YAR018C M -0.4 -0.99 -1.06 -0.75 -0.61 -0.76 0.71 1.49 1.36 0.44 0.26 -0.13 -0.36 -0.23 -0.11 0.21 0.71
YBL002W S -2.01 -1.25 0.37 0.82 1.09 -0.37 -0.22 -0.35 -0.91 -0.4 0.48 1.02 0.93 0.83 0.58 0.51 -0.21
YBL003C S -0.82 -1.21 0.32 0.46 0.96 -0.53 0.09 -0.28 -0.78 -0.09 0.3 0.22 0.15 0.43 0.85 0.3 -0.14
YBL035C G1 -0.52 0.75 1.63 0.29 -0.06 -0.36 -0.5 -0.9 -0.65 0.86 1.06 0.59 0.16 -0.19 -0.54 -0.88 -0.94
YBR009C S -0.66 -0.1 0.58 0.01 0.34 -0.28 0.35 -0.08 -0.46 -1.59 -2.72 0.43 -0.18 0.51 0.93 0.69 0.63
YBR010W S -0.67 -0.41 0.33 0.0 0.31 -0.7 0.09 -0.5 -0.96 0.34 0.24 -0.07 -0.38 0.63 0.86 0.78 0.02
YBR054W M 1.13 0.62 -0.07 -1.29 -1.89 -2.56 -1.01 0.69 1.03 1.72 1.12 0.44 -0.1 -0.93 -0.36 0.21 0.9
YBR067C M/G1 1.48 1.43 0.98 0.49 -0.13 -0.55 -0.63 -0.21 -0.07 0.01 -0.41 -0.76 -1.03 -0.83 -0.63 -0.42 0.44
YBR083W M/G1 -0.93 -0.93 -0.6 -0.62 -0.4 -0.32 -0.63 -0.65 0.07 1.52 1.07 0.37 0.07 0.12 0.18 0.72 1.08
YBR088C G1 -0.5 0.11 1.16 0.72 0.3 -0.45 -0.68 -0.98 -1.04 0.83 1.0 0.88 0.41 -0.06 -0.14 -0.77 -0.39
YCL027W M/G1 1.03 0.46 0.73 0.21 -0.71 -0.47 -0.16 -0.47 -0.71 0.01 0.27 -0.16 0.13 -0.61 -0.16 -0.09 0.66
YCL055W M/G1 -0.21 0.61 0.44 -0.05 -0.74 0.11 -0.02 0.09 -0.05 0.01 0.08 -0.02 0.16 -0.32 0.01 -0.3 0.19
YDL102W G1 -0.71 0.62 1.09 0.45 -0.5 0.14 0.05 -0.3 -0.07 0.07 0.17 0.12 0.2 -0.46 -0.45 -0.44 -0.44
YDL155W G2 -0.57 -0.73 0.17 0.25 0.18 0.37 0.41 -0.19 -0.08 -0.11 0.02 0.34 0.16 0.12 0.07 -0.24 -0.04
YDL164C G1 -0.64 0.08 1.27 0.57 -0.34 -0.48 -0.64 -0.97 -0.61 0.89 1.13 0.66 0.23 -0.05 -0.32 -0.5 -0.33
YDL179W M/G1 -0.69 -0.96 -1.16 -0.66 -0.55 0.12 -1.07 -1.22 0.82 1.46 1.4 0.71 0.68 0.11 0.15 0.19 0.82
YDL197C G1 0.11 -0.18 0.94 0.73 0.3 0.02 -0.51 -0.54 -0.49 0.1 0.44 0.47 0.06 -0.14 -0.35 -0.77 -0.32
YDR033W M -0.48 -0.86 -0.85 -0.96 -0.84 -0.75 0.25 0.02 -0.27 1.3 0.6 0.22 0.28 0.35 0.72 0.59 0.95
YDR077W M -0.16 -0.08 -0.2 -0.24 -0.1 -0.65 -0.15 -0.33 -0.62 0.94 0.37 -0.05 -0.47 0.33 0.43 0.49 0.44
YDR097C G1 -0.62 -0.43 1.38 0.79 0.19 -0.28 -0.62 -0.93 -0.83 0.5 1.12 1.09 0.32 0.04 -0.56 -1.16 -0.57
YDR113C G1 -0.89 -0.31 0.69 0.87 1.17 0.79 -0.29 -0.58 -1.0 -0.75 0.2 0.69 0.61 0.33 0.06 -0.51 -0.74
YDR146C M -1.82 -1.35 -0.65 -0.67 -0.4 0.34 0.57 0.47 0.51 0.34 0.12 -0.25 0.08 0.44 0.8 1.27 0.63
YDR150W G2 -0.4 -0.53 -1.3 -0.17 0.55 0.54 0.24 0.57 0.49 -0.44 -0.11 -0.08 0.24 0.04 -0.15 0.35 0.2
YDR224C S -1.04 -0.38 0.49 0.3 0.35 -0.21 -0.24 -0.79 -0.85 0.23 0.11 -0.01 -0.14 0.68 0.53 0.74 0.22
YDR225W S -0.99 -0.71 0.38 0.21 0.04 -0.36 -0.04 -0.58 -0.78 0.2 0.33 0.08 -0.17 0.7 0.77 0.54 0.48
YDR309C G1 -0.87 0.84 0.03 -0.32 -0.44 -0.16 -0.54 -0.65 -0.32 0.45 1.13 0.64 -0.12 0.36 0.14 -0.07 0.04
YDR356W G1 -0.97 -0.66 0.08 0.43 0.86 0.91 -0.23 -0.48 -0.39 -0.55 0.27 0.6 0.64 0.38 -0.01 -0.39 -0.47
YER001W G1 -1.05 0.22 0.82 0.7 0.76 0.16 -0.07 -0.49 -1.0 -0.84 0.17 0.5 0.54 0.29 0.04 -0.06 -0.4
YER011W G2 -1.35 -1.19 0.02 0.91 0.79 0.42 0.62 0.44 -0.28 0.76 -0.34 -0.13 0.08 0.17 -0.68 0.04 -0.4
YER095W G1 -0.87 0.18 0.68 0.45 0.04 -0.28 -0.51 -0.42 -0.38 0.43 0.56 0.58 0.33 0.11 -0.11 -0.13 -0.57
YER111C M/G1 -0.21 0.19 0.86 0.04 -0.35 -0.39 -0.51 -0.2 0.0 0.92 0.77 0.41 0.14 -0.45 -1.23 -1.23 -1.23
YFL009W M/G1 0.21 0.18 0.48 0.23 0.12 -0.15 0.22 0.26 -0.09 0.11 -0.24 -0.47 -0.22 -0.17 -0.12 -0.24 -0.29
YFL026W M 0.9 0.9 -0.22 0.0 0.2 0.28 -0.1 0.28 -0.22 -0.63 0.0 0.0 0.0 -0.34 -0.8 0.1 -0.34
YGL116W M -1.08 -1.04 -0.83 -0.86 -0.67 0.0 1.07 1.53 1.23 0.17 -0.08 -0.58 -0.45 -0.38 0.44 0.61 0.9
YGL163C G1 0.27 0.47 0.43 0.07 0.25 0.17 -0.15 -0.48 -0.43 -0.02 0.04 0.19 0.01 -0.14 -0.29 -0.23 -0.3
YGR044C G1 0.54 -0.73 -1.33 -1.02 -0.6 0.0 -0.58 -1.05 0.01 1.33 1.34 1.0 0.39 0.21 -0.01 -0.22 0.71
YGR092W M -0.89 -0.67 -0.64 -0.8 -0.32 0.09 0.62 0.83 0.85 0.39 0.09 0.0 -0.32 -0.22 -0.12 0.45 0.45
YGR108W M -1.86 -0.52 -0.98 -0.95 -0.26 0.69 1.13 0.92 0.86 -0.17 -0.41 -0.51 -0.27 0.6 0.76 0.92 0.8
YGR109C G1 -0.21 0.72 1.89 0.63 -0.87 -0.75 -0.49 -1.2 -0.95 0.96 1.14 0.56 -0.06 -0.03 -0.44 -0.85 -0.49
YHR152W M -0.54 -0.47 -0.4 -0.28 -0.18 -0.01 0.43 0.64 0.29 0.52 0.12 -0.45 -0.42 -0.39 0.03 0.21 0.47
YIL066C G1 0.69 0.12 0.16 0.26 0.12 0.49 -0.01 -0.19 -0.01 -0.04 0.01 0.1 -0.21 -0.35 -0.11 -0.48 -0.54
YIL106W M -1.14 -0.7 -0.88 -0.73 -0.14 0.51 0.94 0.79 1.09 0.27 0.15 -0.23 -0.4 0.16 0.18 0.21 0.12
YJL092W S -0.83 -0.66 0.08 0.6 0.84 1.02 0.4 0.06 -0.33 -0.33 -0.33 -0.01 0.15 0.15 0.16 -0.29 -0.52
YJL115W G1 0.23 0.59 1.9 1.32 -0.19 -0.34 -0.87 -1.31 -0.13 -1.53 -1.53 1.23 1.0 0.29 -0.15 -0.6 -0.05
YJL157C M -1.18 -1.02 -1.74 -1.69 -0.82 -0.19 -0.31 0.72 0.76 1.75 1.43 0.44 0.0 0.11 0.22 0.47 1.16
YJL173C G1 -0.64 -0.42 0.58 0.66 0.52 -0.02 -0.42 -0.68 -0.44 0.49 0.29 0.51 0.37 0.23 -0.12 -0.22 -0.32
YJL187C G1 -1.04 -0.28 1.22 1.05 0.56 0.05 -0.48 -0.74 -0.88 0.28 0.86 0.81 0.41 -0.05 -0.41 -0.78 -0.99
YJL194W M/G1 -0.89 0.77 -0.25 -0.71 -0.33 0.05 -0.15 -0.42 0.68 0.88 -0.06 0.17 -0.15 0.07 -0.08 -0.23 0.58
YKL042W G1 -1.31 -0.3 1.0 0.38 -0.13 -0.01 -0.7 -0.81 -0.81 0.53 1.1 0.69 0.33 0.27 -0.21 -0.21 -0.21
YKL045W G1 -0.6 0.09 1.29 0.72 -0.23 0.09 -0.2 -0.57 -0.32 -0.14 0.07 0.43 0.23 -0.02 -0.28 -0.27 -0.31
YKL096W G2 -1.52 -2.35 -1.63 -0.68 0.12 0.07 0.12 0.34 0.19 0.84 0.7 0.75 0.9 1.04 0.94 0.76 0.32
YKL096W-A G2 -0.02 -0.07 0.72 0.32 0.34 -0.03 -0.08 0.43 -0.37 -1.65 -2.93 0.11 -0.34 0.84 0.29 0.57 0.23
YKL101W G1 -1.5 -0.87 0.8 0.66 0.51 0.03 -0.12 -0.85 -0.72 0.29 0.89 1.09 0.65 0.21 0.11 -0.33 -0.21
YKL113C G1 -0.98 0.07 1.44 1.14 0.47 -0.41 -0.83 -1.05 -0.56 0.66 0.76 1.02 0.5 -0.03 -0.57 -0.94 -0.71
YKL185W M/G1 -0.29 -0.86 -1.21 -0.86 -0.54 -0.51 -0.92 -0.34 0.78 2.0 1.35 0.46 0.23 -0.14 -0.51 0.16 1.05
YKL194C M 0.73 0.67 -0.84 -0.42 -0.89 -0.29 0.11 -0.98 -0.68 -0.38 -0.08 0.22 0.93 -0.11 -0.26 0.43 0.7
YLR103C G1 -0.74 0.32 1.62 0.88 0.46 -0.15 -0.44 -1.19 -0.9 0.6 0.85 0.77 0.24 -0.1 -0.44 -1.0 -0.87
YLR131C M -0.92 -1.31 -0.96 -0.42 0.19 0.36 0.63 0.55 0.72 0.51 -0.31 -0.58 0.21 0.25 0.29 0.73 0.3
YLR210W G2 -0.43 -0.4 -0.24 0.42 0.42 0.41 0.68 -0.02 0.34 -1.08 -0.29 -0.06 0.26 0.1 -0.06 0.21 -0.16
YLR286C G1 -0.06 0.91 -0.37 -1.16 -1.01 -0.31 -0.41 -0.95 -1.41 1.01 1.67 1.03 0.9 0.76 0.52 -0.19 -0.06
YLR342W G1 -0.75 0.05 0.16 0.19 0.09 -0.32 -0.23 0.07 -0.41 0.65 0.28 0.1 -0.09 0.08 0.04 0.16 0.04
YLR452C M/G1 0.05 0.96 0.49 -0.01 -0.54 -0.25 -0.56 -0.64 -0.21 0.0 0.2 -0.02 0.2 -0.02 -0.25 0.1 0.5
YML021C G1 -0.41 0.11 0.71 0.72 -0.03 -0.21 -0.38 -0.29 -0.62 0.16 0.73 0.56 0.2 0.05 -0.1 -0.52 -0.62
YMR001C M -1.59 -1.29 -1.54 -0.75 -0.24 0.5 1.08 1.22 0.89 -0.12 -0.24 -0.36 0.32 0.33 0.64 0.94 0.86
YMR198W G2 -1.28 -0.55 -1.61 -0.15 0.44 0.5 0.27 0.53 0.35 -0.22 -0.31 0.16 0.74 0.32 0.51 0.7 0.12
YNL030W S -0.54 -0.02 0.28 -0.16 0.32 -0.68 -0.32 -0.39 -0.53 0.74 0.58 0.42 -0.29 0.28 0.01 0.67 0.2
YNL031C S -0.43 0.17 0.3 0.2 0.29 -0.55 -0.19 -0.47 -0.57 0.54 0.34 0.01 -0.33 0.19 -0.03 0.51 0.02
YNL082W G1 -0.6 0.19 0.84 0.21 -0.39 -1.04 -1.43 -1.64 -0.26 0.82 1.31 1.23 0.55 0.39 -0.2 -0.2 -0.2
YNL102W G1 -0.55 0.04 1.49 1.14 0.17 -0.31 -0.95 -1.48 -0.74 0.18 1.14 0.81 0.57 0.14 -0.48 -1.11 -0.54
YNL145W M 0.22 0.41 0.04 -0.16 -0.12 -0.21 -0.3 -0.45 0.25 0.41 0.25 0.0 -0.3 -0.16 -0.4 0.25 0.28
YNL192W M/G1 -0.47 -0.76 -0.14 0.29 -0.03 0.01 -0.17 -0.34 0.15 0.64 1.04 -0.33 0.42 0.2 -0.01 -0.95 0.64
YNL262W G1 -0.22 -0.27 0.49 0.4 0.03 -0.29 -0.42 -0.57 -0.23 0.74 0.75 0.41 0.33 -0.02 -0.37 -0.52 -0.27
YNL312W G1 -0.27 0.12 1.2 0.84 0.33 -0.19 -0.68 -0.99 -0.64 0.41 0.8 0.55 0.3 0.05 -0.29 -0.42 -0.56
YNL327W M/G1 -0.49 -0.15 -0.92 -0.82 -0.35 -0.11 -0.76 -1.03 -0.1 1.63 1.31 1.23 0.6 -0.03 -0.41 0.62 0.39
YNR044W M/G1 0.1 0.66 0.71 0.45 -0.2 -0.04 -0.53 -0.47 0.17 0.16 0.13 -0.29 0.0 -0.17 -0.35 -0.79 0.31
YOL090W G1 -0.43 -0.06 0.72 0.35 -0.02 -0.59 -0.48 -0.98 -0.54 0.21 1.16 1.06 0.45 0.44 -0.24 -0.92 -0.36
YOR058C M -0.09 0.06 -1.06 -0.17 -0.28 0.44 0.9 0.8 0.73 -0.21 -0.44 -1.25 -0.09 -0.1 0.07 0.24 0.52
YOR074C G1 -0.49 0.51 1.41 1.23 0.28 -0.35 -1.16 -1.38 -1.16 -0.51 1.03 1.25 1.06 -0.38 -0.65 -0.24 -0.44
YPL153C G1 -0.54 0.49 1.87 0.86 -0.02 -0.27 -1.5 -1.54 -1.09 0.24 0.91 0.9 0.3 -0.12 -0.48 -0.48 -0.48
YPR119W M -1.35 -0.57 -0.95 -0.7 0.14 0.57 1.06 1.24 0.84 0.01 -0.35 -0.64 -0.11 0.18 0.63 0.63 0.63
YPR120C G1 -0.33 0.16 1.32 0.43 -0.1 -0.2 -0.59 -0.32 -0.63 0.78 0.91 -0.13 -0.12 -0.1 -0.35 -0.6 -0.47
YPR141C G1 -0.53 -0.82 0.63 1.24 0.96 0.89 0.2 -0.38 -0.92 -1.05 -0.52 -0.29 0.38 0.25 -0.03 -0.03 -0.03
YPR159W S -0.29 -0.57 0.44 0.42 0.37 0.33 0.22 0.02 -0.15 0.13 0.05 0.05 -0.04 -0.14 -0.24 -0.63 -0.11
YPR175W G1 -0.02 0.76 1.43 0.5 -0.2 -0.43 -0.35 -0.73 -0.51 0.8 0.89 -0.2 0.07 -0.26 -0.6 -1.06 -0.36
