YAL040C M 0.49 0.62 0.05 -0.13 0.02 0.04 -0.14 0.24 0.91 0.42 0.58 -0.2 0.03 -0.38 -0.31 -0.56 0.17 -0.3 0.36 -0.26 0.11 -0.5 -0.66 -0.59
YAR007C G1 -0.09 0.99 1.53 -0.11 -0.59 -1.21 -1.43 -1.37 -1.16 0.72 0.94 1.15 0.85 0.99 0.15 -0.43 -0.66 -0.85 -1.06 -0.34 -0.09 0.79 0.6 0.66
YAR018C M 0.23 -0.82 -1.2 -1.11 -0.04 -0.16 0.4 1.12 0.34 0.39 0.21 -0.5 -0.2 -0.7 -1.17 -0.64 -0.1 0.27 0.37 1.74 0.63 0.59 0.03 -0.33
YBL003C S -1.29 -0.83 1.26 1.49 1.03 0.13 -0.64 -1.33 -1.91 -1.12 -0.31 1.11 1.24 1.79 1.33 0.85 0.3 0.06 -0.44 -1.15 -0.83 -0.81 -0.19 0.28
YBR010W S -0.85 -0.88 1.74 1.49 0.49 -0.08 -1.54 -1.01 -2.13 -0.88 -0.54 1.05 0.89 1.75 1.04 1.06 0.22 0.16 -0.31 -0.78 -1.71 -0.2 0.1 0.62
YBR054W M 0.31 -1.48 -3.16 -1.6 -0.2 0.1 0.98 1.36 2.14 1.02 0.76 -0.46 -0.73 -1.67 -1.39 -0.52 0.75 0.61 1.51 0.93 1.44 0.19 -0.14 -0.75
YCL027W M/G1 -1.03 -0.33 -1.03 -1.33 -0.57 -1.0 -0.45 -0.7 0.29 -0.41 0.16 -0.06 0.34 -0.67 0.44 -1.24 0.19 -0.73 0.15 0.92 1.89 1.6 1.56 2.01
YCL055W M/G1 0.15 0.41 -0.34 -0.5 -0.91 -1.21 -0.35 -0.21 -0.13 0.58 -0.05 -0.04 -0.35 -0.31 -0.98 -0.52 -1.42 0.07 -0.62 0.83 0.1 2.11 1.65 2.04
YDL003W G1 -0.94 1.93 1.93 -0.22 -0.71 -1.31 -1.18 -1.68 -0.94 0.89 1.16 1.48 1.0 1.13 -0.22 -0.16 -0.98 -0.84 -0.81 -0.08 -0.57 0.62 0.18 0.32
YDL102W G1 -0.18 0.51 0.32 -0.62 0.01 -0.92 0.25 -0.47 -0.09 0.3 0.89 0.16 0.74 0.71 0.3 -0.3 -0.14 -0.79 0.3 0.46 0.77 -0.42 -1.09 -0.71
YDL127W G1 0.45 1.98 0.47 -0.32 -0.13 -1.13 -0.58 -0.87 0.12 1.07 0.95 0.66 0.52 0.29 -0.7 -1.1 -1.58 -1.1 -0.66 0.26 0.31 0.71 0.24 0.15
YDL227C G1 -0.28 0.22 -0.12 -0.12 -0.11 0.17 -0.46 0.35 -0.25 -0.09 0.55 0.62 0.58 -0.03 -0.44 -0.48 -0.34 -0.21 0.28 0.15 0.36 -0.57 0.1 -0.21
YDR033W M -0.04 -1.31 -3.25 -1.31 0.16 0.71 1.28 1.45 2.02 0.98 0.46 -0.42 -1.11 -1.57 -0.93 -0.03 0.93 1.04 1.48 -0.09 0.96 0.15 -0.58 -0.99
YDR077W M -0.37 -0.86 -1.15 -0.77 0.09 0.06 0.87 0.63 1.57 0.33 0.69 -0.17 0.28 -0.7 -0.74 -0.61 -0.04 0.15 1.22 0.02 0.67 -0.3 -0.48 -0.38
YDR097C G1 0.43 1.29 1.57 -0.28 -0.94 -1.17 -1.25 -1.25 -0.49 1.01 0.9 1.28 0.9 1.0 -0.17 -0.3 -0.87 -1.01 -0.77 0.01 -0.47 0.63 -0.05 0.01
YDR113C G1 -1.16 0.06 1.4 0.67 0.1 -0.03 -0.65 -1.23 -0.91 -0.12 -0.21 0.76 0.48 0.98 0.15 0.43 -0.12 -0.25 -0.25 -0.27 -0.34 0.04 0.09 0.4
YDR146C M -0.41 -0.97 -1.46 0.16 0.74 0.72 1.0 0.77 0.3 -0.56 -0.78 -1.28 -0.34 -0.69 0.19 0.51 0.66 0.34 0.34 1.49 0.75 -0.1 -0.81 -0.58
YDR150W G2 -0.27 -0.27 -0.05 0.28 0.21 0.7 0.25 0.55 -0.21 -0.08 -0.71 -0.03 -0.36 0.25 -0.25 0.21 -0.1 0.06 0.29 0.06 -0.06 -0.14 -0.1 -0.23
YDR224C S -1.11 -0.53 1.84 1.77 0.39 -0.09 -1.31 -1.59 -1.93 -0.88 -0.61 1.13 1.05 1.84 1.55 1.41 0.16 0.22 -1.17 -1.24 -1.5 -0.31 0.16 0.77
YDR225W S -1.31 -0.95 1.56 1.75 1.11 0.05 -0.84 -1.53 -1.79 -0.82 -0.23 1.25 1.37 1.8 0.98 1.23 0.52 0.14 -0.97 -1.06 -1.7 -0.72 -0.23 0.4
YDR309C G1 -0.41 1.5 0.25 0.32 -0.6 0.15 -1.03 -0.54 -0.16 0.23 0.74 1.25 0.72 0.2 0.05 -0.1 -0.4 -0.7 -0.47 -0.23 -0.0 0.23 -0.31 -0.44
YDR356W G1 -0.5 -0.09 0.61 0.09 0.51 -0.52 -0.39 -0.52 -1.34 0.0 -0.09 0.64 0.0 1.23 0.68 -0.3 0.21 -0.18 0.12 0.03 0.49 -0.39 0.56 -0.85
YER001W G1 -0.88 0.25 1.23 0.79 0.36 -0.74 -1.23 -0.92 -1.23 -0.16 0.36 1.05 1.28 1.38 1.27 0.38 -0.09 -0.56 -0.88 -0.48 -0.67 -0.22 -0.2 -0.06
YER011W G2 -0.3 -0.13 -0.2 1.41 0.38 0.07 0.21 0.09 -0.12 -0.08 -0.52 0.65 0.02 -0.02 0.14 -0.41 -0.22 -0.01 0.39 -0.72 0.33 -0.36 -0.22 -0.38
YER095W G1 -0.9 0.26 0.73 0.07 -0.05 -0.51 -0.75 -1.19 -0.66 0.49 1.02 1.34 1.09 0.51 0.52 -0.07 -0.2 -0.66 -0.8 -0.98 0.36 0.05 0.17 0.18
YER111C M/G1 0.25 0.45 0.16 0.08 -0.42 0.03 0.01 0.01 -0.04 0.59 0.13 0.22 -0.24 0.17 -0.49 -0.14 -0.59 -0.04 -0.47 -0.49 0.01 0.3 0.3 0.24
YFL009W M/G1 -0.36 0.07 -0.05 0.0 0.19 0.08 0.4 -0.22 0.26 -0.3 0.08 0.49 0.19 0.0 0.28 -0.28 0.08 -0.26 0.22 -0.22 0.75 -0.58 -0.24 -0.58
YFL026W M -0.61 0.02 -0.26 -0.68 0.08 -0.47 0.2 -0.16 -0.19 -0.26 -0.22 -0.59 -0.08 -0.61 0.63 -0.4 0.42 -0.26 0.95 0.4 1.3 0.16 0.2 0.43
YGL116W M 0.56 -0.64 -1.64 -0.31 -0.81 0.81 0.62 1.48 0.26 0.61 -0.56 -0.88 -0.88 -0.61 0.4 0.36 -0.91 0.91 -0.23 0.29 -0.21 0.91 0.26 0.19
YGL163C G1 -0.09 0.77 0.47 0.08 -0.28 -1.03 -0.44 -0.34 -0.34 0.11 1.76 0.36 0.36 0.49 -0.22 -0.16 0.02 -0.93 -0.04 0.17 -0.44 0.08 -0.2 -0.2
YGR044C G1 -0.32 1.63 0.68 -1.25 -1.6 -1.74 -1.79 -1.44 -0.24 1.64 1.35 1.63 0.89 0.68 -0.6 -0.74 -1.36 -0.97 -0.81 0.21 0.11 1.62 1.33 1.12
YGR092W M 0.36 -0.36 -1.09 -3.15 -0.29 -0.06 0.38 0.8 0.7 0.5 -0.15 -0.23 -0.48 -0.34 -0.25 -0.15 0.12 0.25 0.8 1.11 0.03 0.83 0.32 0.36
YGR108W M 0.6 -0.53 -1.37 1.03 1.13 1.27 1.04 1.0 0.07 -0.81 -1.17 -1.3 -1.16 -0.28 -0.23 0.92 0.21 0.76 0.4 0.89 -0.28 -0.4 -1.11 -0.69
YGR109C G1 -1.25 1.93 0.76 -1.06 -0.45 -1.59 0.09 -1.63 -0.34 0.49 1.6 1.25 0.86 0.7 0.28 -0.92 -0.25 -1.12 -0.01 0.55 0.88 -0.11 -0.3 -0.32
YIL066C G1 -0.84 1.24 1.03 -0.56 -1.47 -1.14 -2.42 -1.21 -1.34 0.89 1.37 1.32 1.65 0.92 0.52 0.0 -0.01 -0.4 -0.08 0.07 -0.1 0.29 0.13 0.15
YIL106W M 0.17 -0.43 -0.41 0.47 0.2 1.13 0.64 1.2 0.02 0.33 -0.83 -0.39 -0.86 -0.3 -0.95 0.33 -0.55 0.83 -0.39 -0.24 0.0 0.23 -0.22 0.0
YJL092W S -0.5 -0.62 0.24 0.19 0.4 -0.34 0.42 -0.25 -0.14 -0.58 0.29 -0.38 0.58 1.58 0.79 -0.27 0.31 -0.14 0.14 0.26 0.58 -1.12 -0.65 -0.79
YJL115W G1 0.39 1.24 1.14 -0.31 -0.64 -1.15 -0.55 -1.03 -0.36 0.89 0.67 1.25 0.13 0.82 -0.2 -0.39 -0.77 -0.95 -0.91 -0.31 -0.55 0.79 0.49 0.31
YJL157C M 0.39 0.36 -0.99 -0.82 -0.84 -0.66 0.15 0.55 0.67 0.58 -0.13 0.19 -0.58 -0.56 -0.66 -1.04 0.02 -0.22 0.26 0.98 0.83 0.94 0.59 0.01
YJL173C G1 0.1 0.11 0.73 0.64 0.26 0.06 -0.55 -0.62 -0.7 0.22 -0.18 0.84 0.33 0.6 -0.14 0.12 -0.07 -0.12 -0.79 -0.89 -0.64 0.11 0.16 0.44
YJL187C G1 -0.74 0.72 1.08 0.01 0.06 -0.31 -0.44 -0.07 -0.24 0.11 0.22 0.35 0.52 0.48 0.26 -0.71 0.08 -0.16 -0.18 -0.28 -0.12 -0.35 -0.01 -0.26
YJL194W M/G1 1.87 1.59 -1.05 -0.32 -0.92 -0.3 -0.7 0.31 0.41 1.26 0.47 0.38 -0.68 -0.72 -0.37 -0.18 -0.4 -0.18 -0.21 -0.09 -0.14 0.38 0.05 -0.47
YKL042W G1 -0.26 0.61 0.69 -0.11 0.07 -0.37 -0.28 -0.26 -0.06 0.04 0.51 0.09 0.42 0.39 0.57 -0.35 -0.3 -0.01 -0.32 0.23 -0.04 -0.62 -0.28 -0.32
YKL045W G1 -0.06 1.02 1.01 -0.43 -0.91 -1.03 -0.52 -0.91 -0.83 0.83 0.65 1.13 0.42 0.84 0.24 -0.45 -0.52 -0.72 -0.47 -0.16 0.31 0.38 0.03 0.13
YKL096W G2 -1.85 -2.36 0.08 0.57 1.36 0.59 0.22 -0.46 -0.26 -0.59 0.48 0.83 1.12 0.66 0.7 0.5 0.82 0.08 0.24 -1.02 -0.73 -0.63 -0.29 -0.07
YKL096W-A G2 -1.28 -1.3 -0.66 0.2 0.79 0.65 0.76 0.59 0.84 -0.03 -0.21 -0.19 0.07 -0.3 -0.29 0.33 0.59 0.64 0.64 -0.39 -0.24 -0.4 -0.59 -0.26
YKL101W G1 -0.36 0.35 0.97 0.43 0.16 -0.48 -0.68 -1.06 -0.48 0.16 0.09 0.8 0.42 0.88 0.13 -0.19 0.09 -0.55 -0.15 -0.24 0.16 -0.09 -0.17 -0.17
YKL185W M/G1 1.48 1.87 -1.31 -1.73 -2.23 -1.78 -1.16 0.54 1.34 1.82 0.92 0.31 -0.55 -0.53 0.58 -1.48 -1.44 -0.48 -0.46 1.31 1.48 1.23 0.48 -0.23
YKL194C M -0.08 -0.6 -0.77 -0.52 -0.34 -0.22 0.01 0.08 -0.26 0.3 -0.14 0.15 -0.01 -0.04 0.32 0.05 0.03 -0.04 0.42 -0.16 0.44 0.62 0.4 0.36
YLR103C G1 -0.31 0.96 1.25 -0.08 -0.61 -0.36 -0.79 -0.31 -0.33 -0.04 0.42 0.25 0.45 0.5 0.28 -0.53 -0.18 -0.72 0.15 -0.16 0.39 0.13 -0.18 -0.16
YLR131C M 0.23 -0.77 -0.67 0.64 -0.15 1.22 0.75 1.17 -0.27 0.05 -0.77 -0.81 -1.24 -0.39 -0.01 0.82 0.33 0.86 -0.42 0.29 -0.22 0.07 -0.39 -0.31
YLR210W G2 -0.69 -0.28 0.09 0.95 0.24 0.7 -0.22 -0.22 -0.72 -0.43 -0.24 0.24 -0.22 0.76 0.38 0.86 -0.37 0.13 -0.96 -0.61 -0.53 0.3 0.31 0.52
YLR286C G1 -2.61 1.04 0.11 -1.94 -1.69 -2.48 -2.13 -2.94 -1.77 1.22 2.44 2.16 2.32 1.08 0.91 -0.54 -0.41 -1.35 -0.85 -0.73 1.8 1.8 2.32 2.24
YLR342W G1 0.31 0.13 0.55 0.93 0.96 0.3 0.12 -0.51 -0.33 -0.09 0.41 0.27 0.92 0.7 0.63 -0.05 -0.05 -0.81 -0.88 -1.71 -0.33 -0.43 -0.51 -0.51
YLR452C M/G1 -0.58 -0.74 -1.08 -0.61 -0.67 -0.52 -0.26 0.18 0.1 0.18 -0.08 -0.1 -0.36 -0.38 -0.67 -0.81 -0.38 -0.01 0.67 0.88 1.11 1.33 1.42 1.35
YML021C G1 -0.68 -0.07 0.26 1.03 -0.04 -0.41 0.33 -0.14 0.05 -0.01 0.24 0.26 0.11 0.5 -0.05 -0.2 -0.07 -0.51 0.19 -0.49 0.29 -0.38 -0.01 -0.22
YMR001C M 0.03 -1.7 -1.2 0.98 0.44 0.64 0.17 1.54 0.05 -0.03 -1.3 -1.25 -1.7 0.03 -0.32 1.13 0.53 1.31 0.6 0.89 -0.46 0.2 -0.37 -0.23
YMR198W G2 -0.66 -0.45 0.52 1.02 0.01 0.43 -0.01 0.09 -0.93 -0.66 -0.51 0.07 -0.11 0.49 0.36 0.68 0.16 0.36 -0.45 -0.37 -0.01 -0.14 -0.01 0.14
YMR199W G1 -1.34 1.21 0.83 0.17 0.01 -0.59 -0.93 -1.31 -1.19 0.2 1.08 0.99 0.93 0.86 0.23 -0.5 2.22 -0.45 -0.58 -0.58 -0.28 -0.39 -0.31 -0.29
YMR307W G1 -0.27 -0.06 0.36 0.47 0.72 0.08 0.03 -0.59 -0.08 -0.09 0.38 0.68 0.96 0.46 0.34 -0.12 0.34 -0.08 -0.02 -1.37 -0.76 -0.5 -0.44 -0.44
YNL030W S -1.15 -0.9 1.67 1.54 0.66 -0.3 -1.19 -1.36 -1.87 -0.92 -0.47 1.17 1.28 1.95 1.02 0.63 0.02 0.13 -0.77 -0.75 -1.51 -0.19 0.32 0.97
YNL031C S -0.86 -0.97 1.31 1.47 0.76 0.03 -0.94 -1.08 -1.7 -0.77 -0.61 0.9 0.75 1.63 0.87 1.0 0.07 0.12 -0.51 -0.89 -0.81 -0.45 0.04 0.62
YNL082W G1 0.27 1.25 0.84 -0.26 -0.22 -0.44 -0.26 -0.17 0.27 0.81 0.64 0.68 0.38 0.52 -0.01 -4.63 -0.19 -0.54 0.21 0.38 0.21 0.16 0.11 -0.01
YNL102W G1 -0.53 -0.19 -0.29 0.79 -0.32 0.23 -0.23 0.38 0.77 0.42 -0.15 0.47 -0.27 0.42 -0.36 -0.19 -0.29 0.09 -0.13 -0.91 -0.27 0.02 0.38 0.19
YNL145W M -0.74 -0.08 -0.49 -0.48 -0.58 -0.15 0.53 0.02 -0.17 0.02 -0.3 -0.43 -0.27 -0.34 0.54 -0.32 -0.13 0.06 0.58 0.12 0.67 0.62 0.26 0.94
YNL262W G1 0.02 0.58 1.19 0.07 -0.25 -0.48 -1.13 -0.53 -0.34 0.54 0.81 0.83 0.59 0.64 0.39 -0.36 -0.11 -0.69 -0.85 -1.21 0.38 0.12 0.04 -0.25
YNL289W G1 -0.22 -0.01 -0.07 -0.33 0.39 -0.56 0.22 -0.24 0.07 0.08 -0.33 0.88 0.14 -0.15 0.44 -0.98 0.18 -0.22 0.45 -0.22 1.52 -0.43 -0.28 -0.3
YNL327W M/G1 0.64 1.95 -0.46 -1.39 -2.32 -1.17 -2.54 -0.4 1.17 1.42 1.94 0.8 0.71 -0.27 -0.84 -1.74 -1.37 -0.67 0.04 0.38 1.58 0.41 0.41 -0.35
YNR044W M/G1 -0.78 -0.45 -1.15 -1.1 -1.32 -1.03 -0.62 -0.43 -0.1 0.62 0.4 -0.13 -0.72 -0.84 -1.03 -1.0 -0.57 -0.35 0.48 0.7 1.16 2.45 2.83 3.01
YOL090W G1 -0.06 1.14 1.8 0.32 -0.58 -0.79 -1.06 -0.98 -2.02 1.05 0.89 1.46 0.62 1.13 -0.58 0.04 -0.72 -0.72 -1.65 -0.98 -0.3 0.94 0.59 0.46
YOR058C M 0.0 -0.57 -0.75 0.33 0.28 0.71 0.31 0.87 -0.02 -0.08 -1.12 -0.85 -0.85 -0.14 0.27 0.4 0.84 0.43 0.36 0.67 0.33 -0.1 -0.6 -0.72
YPL153C G1 -0.33 0.86 1.02 -0.38 -0.54 -1.14 -0.25 -1.1 -0.28 0.69 0.69 0.72 0.41 0.31 0.47 -0.57 0.08 -1.02 0.02 -0.69 0.92 0.26 -0.16 0.0
YPL256C G1 -1.26 1.6 1.54 0.31 -0.14 -0.88 -1.7 -1.88 -1.7 0.61 1.54 1.72 1.51 1.18 0.84 -0.26 -0.34 -1.03 -0.85 -0.85 -0.21 0.13 0.13 0.0
YPR119W M 0.55 -1.03 -1.74 0.42 0.71 0.25 1.15 1.24 0.72 -0.24 -1.24 -1.03 -1.15 -0.39 -0.15 0.64 0.56 0.93 0.66 1.2 -0.07 -0.17 -0.91 -0.91
YPR120C G1 0.02 1.08 0.72 0.08 -0.53 -0.86 -0.58 -1.02 -0.4 0.52 0.71 0.96 0.7 0.25 0.37 -0.49 -0.36 -0.91 0.02 0.08 0.24 -0.11 -0.16 -0.34
YPR141C G1 -0.68 -0.07 0.35 -0.07 0.2 -0.43 0.32 -0.39 -0.43 -0.55 -0.32 0.2 0.82 0.73 0.49 -0.41 0.32 -0.36 0.65 -0.06 0.76 -0.5 -0.26 -0.32
YPR159W S 0.04 -0.31 0.54 0.7 0.58 0.21 -0.34 -0.42 -0.06 -0.24 0.25 0.35 0.44 0.39 0.81 0.17 0.39 -0.38 -0.24 -1.42 0.03 -0.52 -0.5 -0.44
YPR175W G1 0.02 0.93 0.85 -0.25 -0.83 -0.71 -0.71 -0.65 -0.38 0.84 0.35 0.84 -0.09 0.48 0.09 0.33 -0.23 -0.5 -0.57 -0.63 -0.13 0.68 0.27 -0.01
